2058
2413
2354
2069
2432
2298
2199
2416
2130
2325
2142
2418
2210
2304
2452
2291
2447
2468
2497
2367
2530
2264
2521
2330
2418
2189
2160
2343
2433
2293
2492
2574
2259
2447
2328
2454
2086
2315
2126
2194
2234
2498
2201
2447
2337
2386
2401
2346
2146
2226
2218
2547
2387
2450
2450
2359
2520
2444
2497
2218
2447
2309
2019
2513
2228
2451
2238
2174
2448
2423
2304
1978
2368
2387
2193
2555
2311
2526
2128
2233
2280
2421
2523
2439
2484
2516
2421
2430
2170
2388
2335
2548
2485
2397
2243
2460
2458
2533
2448
2457
2254
2590
2278
2382
2633
2273
2611
2333
2512
2394
2338
2296
2563
2424
2478
2481
2618
2247
2447
2459
2363
2369
2411
2209
2506
2242
2446
2518
2257
2222
2352
2440
2451
2117
2701
2384
2385
2505
2322
2562
2391
2017
2629
2335
2439
2372
2511
2317
2509
2297
2276
2341
2239
2390
2416
2451
2338
2493
2456
2267
2120
2281
2197
2373
2382
2432
2236
2637
2488
2532
2295
2321
2026
2509
2497
2310
2147
2348
2334
2284
2482
2358
2242
2223
2257
2442
2449
2371
2343
2437
2443
2218
2398
2453
2323
2359
2171
2155
2327
2240
2428
2417
2139
2552
2145
2387
2453
2446
2296
2480
2438
2166
2324
2490
2169
2187
2444
2423
2439
2461
2345
2578
2497
2458
2126
2391
2327
2318
2437
2448
2261
2663
2172
2537
2161
2356
2174
2547
2489
2218
2139
2457
2186
2403
2139
2433
2326
2404
2254
2171
2398
2384
2353
2559
2453
2330
2159
2080
2504
2251
2610
2498
2485
2448
2431
2562
2453
2403
2446
2448
2133
2239
2203
2093
2349
2271
2329
2266
2685
2289
2312
2192
2149
2123
2111
2486
2211
2246
2448
2392
2144
2203
2273
2304
2116
2195
2297
2215
2387
2213
2386
2465
2387
2452
2215
2458
2391
2573
2178
2343
2217
2484
2234
2282
2323
2216
2330
2341
2397
2380
2443
2377
2368
2255
2161
2439
2304
2200
2414
2240
2248
2411
2117
2193
2503
2404
2399
2195
2303
2406
2460
2325
2451
2406
2316
2324
2232
2335
2434
2186
2442
2155
2197
2340
2487
2092
2348
2557
2445
2401
2030
2280
2409
2487
2340
2033
2291
2475
2450
2533
2202
2153
2103
2310
2270
2112
2175
2360
2564
2453
2408
2352
2272
2087
2319
2400
2351
2081
2425
2545
2282
2557
2444
2450
2357
2245
2310
2177
2245
2418
2445
2657
2411
2446
2441
2580
2449
2608
2333
2323
2125
2372
2639
2271
2272
2336
2193
2259
2449
2318
2358
2341
2296
2284
2174
2594
2573
2532
2337
2278
2147
2226
2290
2355
2484
2597
2210
2294
2359
2342
2323
2375
2222
2324
2413
2324
2445
2272
2454
2397
2301
2305
2447
2305
2042
2271
2378
2391
2443
2547
2415
2229
2257
2525
2403
2527
2347
2464
2603
2472
2446
2344
2145
2638
2356
2481
2108
2427
2224
2381
2355
2351
2171
2419
2455
2267
2322
2227
2182
2169
2447
2366
2411
2446
2503
2166
1917
2434
2256
2320
2256
2440
2554
2449
2315
2440
2411
2515
2255
2337
2208
2442
2140
2487
2309
2505
2450
2449
2399
2607
2399
2200
2349
2447
2377
2272
2502
2440
2357
2515
2307
2488
2240
2204
2554
2448
2320
2347
2391
2493
2354
2451
2452
2361
2504
2209
2494
2409
2442
2450
2468
2338
2463
2422
2548
2437
2464
2318
2123
2596
2388
2534
2323
2104
2566
2611
2452
2245
2140
2124
2555
2322
2342
2464
2236
2345
2209
2417
2195
2444
2474
1979
2301
2451
2444
2205
2375
2521
2284
2452
2373
2347
2401
2394
2484
2336
2433
2346
2292
2445
2217
2454
2295
2262
2224
2454
2002
2130
2449
2584
2428
2445
2607
2380
2456
2390
2051
2629
2291
2292
2169
2336
2487
2434
2442
2356
2336
2451
2443
2107
2347
2510
2448
2364
2416
2448
2279
2354
2561
2336
2375
2345
2448
2549
2326
2252
2441
2288
2351
2574
2341
2338
2448
2386
2314
2179
2286
2272
2330
2608
2511
2346
2298
2590
2439
2187
2242
2368
2260
2444
2238
2439
2540
2312
2169
2304
2328
2372
2157
2441
2006
2444
2444
2284
2505
2329
2123
2291
2250
2209
2558
2385
2452
2585
2319
2363
2055
2225
2204
2457
2290
2609
2220
2359
2421
2444
2232
2038
2246
2456
2274
2443
2412
2419
2488
2620
2103
2439
2490
2345
2245
2431
2387
2054
2390
2313
2221
2177
2028
2488
2237
2318
2240
2494
2424
2189
2342
2270
2433
2264
2050
2183
2451
2444
2442
2391
1965
2446
2449
2426
2456
2327
2353
2209
2277
2108
2315
2519
2332
2317
2394
2277
2228
2441
2168
2423
2553
2395
2358
2275
2317
2330
2198
2364
1929
2553
2544
2523
2534
2212
2231
2455
2445
2302
2488
2409
2436
2615
2510
2313
2363
2212
2481
2474
2445
2450
2157
2195
2326
2352
2064
2122
2271
2259
2573
2415
2329
2231
2139
2286
2221
2442
2392
2232
2044
2036
2572
2233
2430
2224
2511
2311
2386
2301
2187
2407
2475
2278
2446
2276
2413
2624
2450
2345
2365
2074
2402
2623
2157
2635
2515
2451
2292
2051
2378
2355
2556
2354
2402
2381
2410
2302
2474
2321
2463
2318
2467
2321
2340
2459
2199
2359
2417
2382
2205
2367
2314
2257
2320
2372
2455
2635
2200
1994
2032
2397
2334
2445
2460
2263
2315
2061
2532
2350
2572
1953
2271
2363
2322
2440
2377
2528
2448
2267
2474
2157
2261
2500
2310
2479
2369
2301
2433
2108
2463
2416
2238
2341
2422
2444
2396
2382
2030
2525
2619
2602
2205
2290
2184
2536
2325
2274
2354
2562
2453
2449
2448
2317
2591
2463
2063
2430
2337
2330
2136
2450
2082
2333
2097
2472
2377
2439
2292
2419
2310
2243
2185
2504
2409
2398
2396
2421
2445
2158
2341
2453
2421
2439
2466
2446
2293
2332
2536
2439
2270
2336
2174
2038
2072
2449
2383
2200
2505
2552
2391
2441
2306
2549
2481
2420
2432
2611
2299
2481
2494
2314
2218
2354
2218
2118
2473
2404
2205
2446
2468
2346
2503
2455
2405
2440
2233
2446
2446
2248
2176
2466
2383
2541
2554
2390
2516
2414
2447
2536
2461
2610
2397
2221
2565
2384
2466
2409
2262
2402
2458
2335
2309
2086
2147
2397
2314
2445
2504
2272
2388
2625
2363
2451
2392
2178
2449
2300
2536
2531
2165
2416
2413
2439
2439
2435
2444
2450
2446
2440
2447
2444
2444
2447
2447
2445
2438
2445
2447
2443
2454
2442
2443
2445
2452
2448
2447
2445
2452
2439
2443
2452
2452
2454
2446
2445
2447
2442
2448
2450
2449
2446
2445
2449
2444
2443
2445
2443
2461
2442
2451
2446
2447
2450
2448
2448
2442
2450
2442
2442
2445
2453
2442
2449
2452
2450
2443
2452
2451
2441
2449
2445
2450
2437
2443
2450
2441
2448
2445
2456
2441
2443
2449
2450
2444
2449
2446
2446
2444
2447
2441
2448
2443
2440
2448
2442
2448
2441
2451
2440
2444
2447
2446
2448
2452
2444
2442
2450
2456
2446
2451
2441
2455
2445
2440
2450
2454
2447
2446
2448
2447
2449
2453
2445
2446
2450
2449
2447
2440
2448
2446
2452
2456
2453
2445
2447
2449
2449
2439
2446
2446
2444
2447
2437
2452
2449
2446
2443
2445
2451
2447
2441
2457
2444
2449
2448
2447
2448
2440
2442
2449
2450
2455
2445
2438
2448
2444
2460
2449
2451
2453
2442
2447
2453
2449
2445
2445
2451
2448
2236
2319
2327
2447
2447
2441
2450
2444
2446
2444
2448
2449
2447
2453
2445
2455
2446
2447
2449
2454
2446
2453
2450
2444
2448
2443
2447
2444
2452
2440
2449
2445
2454
2448
2439
2456
2448
2447
2456
2442
2454
2453
2446
2447
2436
2452
2443
2442
2451
2443
2447
2451
2441
2445
2453
2440
2446
2449
2453
2448
2445
2446
2452
2445
2444
2450
2443
2451
2452
2447
2452
2442
2448
2447
2443
2452
2452
2443
2448
2440
2451
2445
2437
2454
2447
2450
2253
2447
2452
2451
2446
2444
2455
2454
2452
2449
2450
2453
2445
2453
2451
2444
2447
2452
2448
2439
2440
2446
2450
2448
2453
2446
2441
2443
2450
2449
2441
2448
2450
2443
2439
2440
2449
2443
2447
2444
2445
2453
2451
2447
2447
2441
2439
2442
2446
2448
2446
2452
2445
2450
2446
2447
2447
2439
2446
2445
2439
2440
2449
2440
2443
2442
2450
2454
2448
2451
2446
2455
2445
2450
2451
2443
2451
2450
2438
2440
2438
2448
2442
2443
2443
2445
2444
2454
2446
2440
2446
2450
2441
2443
2447
2444
2443
2441
2446
2442
2440
2445
2450
2437
2443
2444
2441
2443
2443
2453
2448
2439
2448
2451
2449
2451
2444
2439
2449
2447
2444
2453
2444
2448
2447
2444
2451
2452
2448
2445
2453
2450
2451
2448
2451
2451
2445
2450
2448
2444
2452
2447
2447
2447
2447
2452
2448
2449
2450
2445
2447
2452
2447
2448
2444
2445
2450
2441
2447
2448
2448
2442
2441
