0
0
0
0
0
0
0
0
0
0
0
4000
3669
3215
2925
2600
2472
2067
1897
1610
1453
1346
1087
942
779
725
638
516
457
394
358
343
250
256
198
179
164
154
115
124
95
97
75
79
46
54
56
50
32
37
27
31
27
28
19
24
28
24
13
17
20
10
12
12
11
14
13
9
6
9
8
7
5
4
4
3
8
8
6
10
6
7
8
3
3
3
2
2
6
1
4
4
7
4
4
3
2
2
2
3
6
1
2
4
3
3
5
1
3
3
0
4
1
1
0
2
4
0
2
0
3
3
3
1
4
2
1
3
0
6
3
1
1
2
1
2
1
0
0
4
2
2
6
2
6
3
6
1
1
2
0
5
2
6
4
2
2
2
4
3
3
7
7
8
4
4
5
5
3
5
7
7
3
6
8
7
8
10
7
3
5
6
6
7
9
11
3
3
4
3
10
7
5
6
9
9
7
10
7
9
5
7
8
7
8
12
6
5
8
12
5
5
8
8
7
9
9
12
10
9
6
10
12
4
5
10
8
6
7
6
8
5
7
2
9
10
7
5
7
9
11
9
9
4
9
10
8
13
15
4
9
14
9
9
13
17
21
9
7
18
6
10
14
17
17
10
10
12
22
12
15
18
14
15
5
17
12
17
10
10
15
13
16
14
12
13
15
23
20
12
16
13
9
17
23
17
20
33
23
17
21
16
19
18
12
20
27
18
13
19
20
24
19
28
13
16
20
20
22
29
19
21
21
17
27
22
22
28
18
17
23
19
26
21
25
23
21
28
28
24
38
34
33
30
26
29
27
38
38
26
36
52
33
34
33
43
40
44
37
36
31
44
32
30
34
38
43
38
38
36
30
27
40
44
40
30
36
26
24
35
51
32
26
33
38
28
33
30
28
23
36
23
34
37
35
38
41
25
28
27
38
40
34
27
21
29
37
36
28
31
51
41
31
40
37
41
49
36
36
56
50
52
48
41
48
59
57
44
57
63
39
49
60
54
54
53
56
43
57
48
69
56
51
61
61
59
53
47
59
57
59
64
60
64
77
65
64
61
66
55
56
62
63
70
47
57
57
79
57
59
56
57
53
60
63
68
55
59
65
65
70
63
80
66
75
72
66
71
70
92
85
77
87
96
92
96
82
105
111
92
84
112
108
138
114
122
122
124
110
134
131
134
133
155
164
144
141
152
142
135
152
144
138
153
129
148
177
166
160
181
177
169
187
181
181
172
161
169
184
181
193
193
196
193
233
246
220
245
254
237
249
242
271
277
290
319
295
317
332
371
339
352
387
389
432
417
458
424
426
424
444
451
485
459
448
436
459
482
506
463
453
483
444
416
461
439
374
372
376
390
332
345
334
289
332
263
305
253
255
231
238
223
235
220
207
175
185
192
185
158
168
161
202
184
145
181
139
162
204
151
197
182
152
177
169
166
184
158
180
189
197
208
205
198
221
206
231
249
233
261
256
267
256
266
279
296
322
340
378
356
384
376
450
495
485
557
501
566
666
701
712
778
853
853
939
1014
1143
1143
1292
1395
1445
1539
1628
1775
1813
1978
2121
2220
2324
2328
2519
2567
2696
2796
2839
2893
3013
3213
3227
3202
3367
3382
3385
3498
3456
3474
3495
3485
3419
3437
3423
3416
3283
3336
3322
3354
3333
3221
3260
3127
3142
3117
3139
3085
2962
2961
3033
2920
2919
2919
2848
2792
2739
2574
2620
2472
2514
2434
2284
2355
2148
2142
1992
1893
1752
1764
1694
1653
1514
1386
1397
1355
1231
1147
1021
966
872
902
834
812
707
683
575
612
612
536
518
503
503
436
495
461
508
433
425
463
443
441
448
421
434
492
463
476
479
464
495
489
513
480
463
490
461
491
505
447
454
513
442
431
426
424
390
365
359
383
365
365
355
323
312
315
281
277
253
267
217
230
225
205
198
236
206
188
225
183
184
199
191
176
187
177
186
203
178
190
215
203
190
224
241
231
228
250
234
256
264
281
302
314
311
326
369
389
388
412
444
457
474
502
539
573
614
617
675
766
757
793
814
845
916
932
1009
1043
1015
1121
1170
1085
1170
1162
1229
1221
1228
1282
1216
1207
1287
1241
1214
1268
1229
1200
1193
1166
1078
1126
1026
1019
1017
1004
959
925
863
843
812
822
749
724
647
694
617
676
616
629
567
581
539
486
496
482
496
502
469
439
427
454
448
469
444
407
461
445
447
424
440
414
452
384
411
410
447
436
445
468
407
473
465
445
494
493
502
519
492
510
496
519
530
577
594
606
589
645
603
667
708
707
731
761
817
807
805
898
917
1016
997
1042
1083
1124
1093
1128
1210
1219
1212
1237
1251
1337
1342
1332
1378
1393
1450
1425
1389
1424
1444
1383
1421
1439
1396
1400
1440
1430
1427
1348
1428
1431
1371
1394
1345
1377
1374
1343
1414
1393
1513
1434
1395
1464
1497
1530
1565
1517
1521
1529
1549
1502
1632
1595
1593
1622
1568
1573
1619
1446
1559
1488
1488
1551
1433
1521
1454
1460
1485
1498
1463
1439
1491
1489
1526
1472
1619
1676
1751
1763
1887
2012
2170
2181
2413
2673
2981
3181
3358
3728
4024
4444
4953
5314
5708
6499
6845
7690
8321
8987
9847
10627
11503
12428
13491
14164
15554
16676
17799
18897
19766
21420
22521
23394
24541
25909
26517
27785
28853
29426
30713
31593
31526
32279
32852
33438
33694
33479
33777
33528
33485
33227
32805
32437
31334
30875
29947
29079
28474
27564
26416
25425
24319
23168
21770
20690
19802
18383
17075
16172
15160
14357
13176
12268
11522
10468
9729
8691
8109
7446
6819
6233
5756
5103
4710
4207
3791
3479
3195
2959
2663
2419
2173
2068
1971
1776
1598
1563
1525
1457
1357
1352
1348
1327
1302
1296
1353
1415
1438
1524
1533
1547
1696
1721
1786
1943
2119
2160
2320
2333
2578
2651
2674
2865
3058
3223
3367
3549
3686
3880
3962
4114
4192
4303
4355
4542
4773
4700
4894
4885
4884
4912
4960
4870
5002
4867
4785
4815
4786
4677
4539
4686
4347
4252
4065
4067
3992
3790
3611
3448
3330
3103
3021
2885
2644
2473
2312
2288
2140
2000
1816
1681
1580
1455
1352
1269
1162
1058
1031
918
822
827
760
730
578
613
605
553
482
447
440
405
398
341
366
337
306
320
294
277
269
259
260
252
227
220
208
242
207
213
211
201
191
180
192
168
180
182
194
192
192
175
153
166
185
158
184
179
154
187
179
186
195
196
174
155
164
199
192
190
198
196
212
195
197
192
216
202
221
230
221
230
222
219
225
211
255
257
214
251
253
236
251
233
255
260
262
289
296
217
269
273
290
275
277
297
319
331
309
300
296
336
304
303
345
352
308
336
315
320
318
309
293
298
320
301
309
276
305
273
278
266
253
249
263
245
258
227
236
256
257
272
234
191
215
222
231
202
204
201
226
184
187
183
187
186
179
199
202
175
197
186
190
197
148
186
168
167
176
169
150
173
199
159
170
181
192
168
185
165
159
190
166
197
177
193
198
184
198
178
171
194
183
156
184
195
185
182
197
193
172
177
197
173
202
195
182
175
212
179
222
173
217
215
215
227
198
230
215
208
212
218
217
193
200
207
206
208
201
175
229
211
218
211
263
253
254
231
223
213
226
200
212
229
230
240
200
236
240
204
218
225
229
239
253
242
253
202
217
256
257
236
261
227
219
220
224
236
221
249
226
264
227
254
294
288
262
279
287
259
284
273
271
258
288
292
321
288
337
310
301
289
362
315
350
377
368
367
392
357
374
410
386
451
484
460
494
502
534
514
567
552
567
609
678
673
710
703
697
710
829
822
949
909
1000
1023
1037
1122
1123
1219
1171
1339
1382
1483
1549
1594
1705
1759
1866
1952
2033
2150
2393
2390
2635
2798
2938
3007
3211
3445
3566
3780
4068
4322
4554
4780
5131
5315
5712
6009
6364
6658
6951
7178
7732
7894
8421
8664
9133
9333
9743
10115
10499
10742
11110
11321
11363
11867
11971
12239
12453
12551
12826
12713
12936
12921
12970
12920
12892
12773
12746
12501
12290
11996
11823
11560
11397
11086
10626
10265
9922
9728
9251
8871
8470
8105
7731
7295
6835
6471
6074
5808
5327
5038
4772
4417
4190
3881
3608
3259
3037
2848
2725
2435
2276
2070
1941
1753
1658
1476
1352
1226
1129
1012
978
878
792
726
705
661
701
561
577
517
470
461
454
447
438
402
460
351
418
325
377
379
365
360
361
329
378
324
332
367
350
378
330
360
357
337
390
394
380
367
395
397
413
389
413
417
426
436
410
442
474
447
485
473
491
545
548
534
587
562
535
589
590
658
695
679
736
766
713
741
740
824
888
942
886
884
950
1031
1013
1137
1129
1110
1224
1274
1314
1366
1355
1484
1471
1581
1559
1672
1726
1785
1754
1843
1845
1904
1993
1931
1936
2040
1997
2087
2143
2125
2110
2109
2241
2108
2215
2103
2152
2066
2123
2017
2010
2092
2007
1905
1860
1812
1842
1709
1618
1583
1578
1533
1410
1429
1376
1244
1226
1160
1070
1050
1055
987
891
831
808
709
678
677
634
585
552
509
500
524
432
413
391
407
355
306
332
290
313
250
263
256
244
240
229
221
205
201
197
202
194
193
193
199
189
180
193
196
171
161
177
173
177
192
183
181
187
171
202
203
233
201
185
198
244
199
241
224
247
258
248
246
264
287
285
281
310
327
356
338
369
355
357
360
424
428
446
449
475
485
546
542
543
572
573
623
611
680
652
698
691
687
757
731
785
760
745
840
811
801
833
823
786
818
833
867
846
805
867
797
836
799
758
810
731
740
714
727
663
684
633
631
635
626
606
563
547
530
524
525
449
437
421
458
403
405
374
389
372
291
298
314
298
290
321
276
237
272
232
263
209
236
185
223
208
199
218
188
204
202
176
193
175
179
195
184
191
177
192
162
177
190
157
181
171
167
172
187
182
182
170
167
200
165
175
155
150
174
162
170
172
185
174
203
177
208
182
168
196
174
165
192
173
169
173
174
169
190
185
175
172
181
185
170
184
186
184
177
199
178
196
174
180
179
185
175
178
188
170
175
186
189
216
161
183
199
174
192
183
185
203
179
188
169
194
183
188
162
177
215
201
182
191
207
196
220
199
208
226
206
221
231
234
215
210
236
247
229
222
254
246
251
243
265
260
257
250
255
273
257
270
281
267
279
261
295
277
305
301
268
313
306
304
299
301
328
299
304
302
306
315
291
321
276
303
297
282
311
269
285
310
297
294
315
286
301
276
281
300
289
299
325
269
317
300
264
266
291
292
303
278
300
273
286
261
275
275
278
257
296
296
270
289
285
273
300
294
284
255
296
288
310
315
285
305
297
269
317
312
295
321
303
353
311
321
324
328
338
315
313
340
333
325
377
363
373
359
373
397
433
434
423
430
417
436
421
508
436
476
448
473
536
524
537
530
554
601
567
609
639
634
669
613
666
707
725
742
687
738
724
718
759
725
748
734
769
822
809
769
796
795
779
851
847
860
767
750
755
764
737
763
729
768
667
731
608
698
677
660
569
616
594
543
574
546
512
527
506
484
479
456
415
441
363
408
372
376
391
351
331
336
318
290
307
308
276
263
280
278
254
259
260
248
245
261
261
220
223
228
267
243
257
250
234
245
236
229
266
240
252
265
229
258
242
239
230
243
228
241
271
262
272
254
283
221
255
249
286
282
301
315
293
311
323
374
367
419
393
401
471
472
455
505
575
558
611
633
688
780
771
892
879
1018
1052
1189
1312
1419
1565
1737
1830
1953
2109
2330
2484
2583
2917
3093
3383
3655
3885
4141
4478
4857
5137
5563
5799
6129
6575
7079
7525
7891
8304
8943
9182
9706
10154
10760
11182
11738
11900
12508
13021
13509
13952
14227
14672
14929
15527
15842
16041
16497
16687
17033
16906
17238
17255
17387
17678
17647
17472
17505
17496
17388
17082
16991
16898
16656
16553
16109
15837
15467
15192
14642
14320
13831
13656
13119
12400
12085
11473
11217
10733
10247
9797
9276
8920
8599
8237
7826
7184
6836
6450
6106
5614
5246
5012
4590
4402
3988
3821
3509
3337
3029
2851
2620
2529
2184
2171
1957
1807
1728
1615
1488
1395
1168
1228
1142
1020
960
889
884
794
806
709
654
670
609
648
601
558
501
528
464
498
450
414
410
372
407
418
346
341
320
354
364
330
343
318
314
312
308
302
282
277
307
266
267
266
277
286
247
248
253
206
212
242
245
244
235
236
223
253
227
240
228
253
198
231
239
228
199
201
233
214
195
228
212
217
222
205
223
218
241
209
231
229
192
207
233
199
261
232
219
222
224
222
221
243
234
241
219
248
259
236
234
250
239
237
265
266
256
246
261
280
267
293
266
290
279
300
240
279
311
286
275
279
286
286
309
318
314
316
324
326
308
324
341
347
350
323
373
388
354
372
389
407
413
425
386
457
471
489
496
465
507
590
608
592
620
687
686
684
752
849
868
895
878
943
1007
1056
1176
1081
1258
1182
1314
1393
1450
1509
1451
1627
1728
1744
1791
1862
2017
1825
2026
2143
2124
2270
2234
2257
2326
2439
2349
2485
2539
2521
2584
2590
2557
2720
2710
2651
2657
2657
2636
2567
2493
2660
2595
2453
2486
2510
2429
2258
2329
2197
2193
2185
2021
2105
2057
1929
1836
1778
1709
1700
1620
1481
1469
1397
1402
1264
1289
1245
1160
1059
974
1007
919
952
907
776
811
767
769
697
634
657
649
586
581
541
556
536
501
519
517
512
447
461
468
414
415
446
438
487
467
449
452
498
439
468
463
491
457
484
469
481
524
453
489
510
499
510
472
460
484
513
521
495
506
473
432
460
462
487
515
461
465
445
411
453
380
421
396
427
383
388
345
354
368
338
373
338
310
358
314
308
295
298
277
307
245
280
244
264
239
249
245
252
227
231
215
217
221
213
200
187
194
198
201
192
179
171
194
192
178
182
181
189
194
170
178
192
193
149
170
173
197
163
188
168
160
161
193
179
185
171
153
159
166
174
142
163
157
170
157
185
163
187
135
167
177
184
172
190
177
170
172
159
135
158
157
185
181
163
180
174
192
194
188
181
206
187
171
178
152
175
182
176
157
189
191
189
207
185
162
174
150
183
177
179
166
191
196
158
175
190
208
181
193
185
186
208
200
180
177
214
178
170
202
220
188
187
210
181
181
198
171
179
177
183
186
190
205
191
184
205
205
199
189
180
186
210
186
190
200
168
181
198
203
164
195
208
207
192
188
180
244
195
210
221
228
231
225
207
245
240
238
251
259
223
236
230
250
316
261
277
285
291
273
268
275
272
282
333
286
314
329
335
301
315
328
344
324
331
369
302
330
366
312
343
336
321
343
320
364
346
316
337
320
327
351
290
320
366
316
293
302
284
307
283
269
306
294
278
254
271
271
271
267
262
255
280
243
270
224
251
243
216
208
189
197
257
223
216
217
191
211
195
203
213
179
198
200
193
188
232
194
196
191
203
182
188
195
200
205
207
201
202
213
190
179
193
221
234
206
234
235
228
227
258
235
259
251
257
277
271
317
278
301
328
305
351
341
354
354
390
437
462
489
475
495
564
564
599
641
710
730
803
834
866
916
974
1011
1063
1143
1226
1230
1308
1419
1490
1555
1669
1796
1788
1945
2047
2220
2267
2417
2420
2561
2718
2694
3016
3092
3274
3472
3450
3618
3867
3934
4136
4298
4421
4518
4741
4795
4834
5096
5198
5381
5500
5645
5611
5948
5909
5967
6088
6146
6186
6300
6464
6479
6604
6416
6479
6511
6539
6681
6511
6555
6465
6489
6539
6363
6435
6193
6111
5971
5886
5744
5723
5521
5413
5308
5157
5080
4858
4787
4601
4224
4262
4076
3951
3781
3636
3524
3344
3158
3094
2951
2827
2693
2581
2387
2249
2167
2047
1872
1890
1702
1660
1630
1410
1363
1224
1150
1132
1037
977
940
934
813
785
776
690
666
630
590
552
496
494
442
428
406
417
360
378
362
323
333
296
296
313
271
314
287
291
222
218
225
237
224
227
215
235
179
207
211
224
167
179
194
214
203
181
209
195
214
196
173
182
143
157
155
181
183
174
179
179
156
177
200
184
157
153
192
172
141
154
160
154
185
151
176
141
147
143
155
177
169
156
139
187
155
158
139
157
175
172
158
180
152
168
164
146
158
154
181
144
136
176
174
161
171
180
153
151
171
169
158
172
180
174
155
152
158
165
164
173
142
155
151
169
168
172
159
178
188
155
169
174
179
169
175
160
171
181
164
187
179
176
179
205
177
177
185
187
165
204
187
182
182
209
194
170
197
193
204
181
182
157
191
213
235
219
217
230
198
227
199
231
205
210
232
215
200
214
209
229
207
241
240
229
232
201
221
234
217
231
219
236
230
222
224
216
243
240
241
216
215
223
218
227
204
207
212
214
188
167
217
179
195
202
201
208
199
179
200
205
179
210
200
179
175
189
170
182
186
195
195
188
174
201
169
166
168
183
183
188
175
183
151
139
167
183
177
147
158
165
175
181
169
172
174
171
168
170
174
166
162
193
178
176
164
172
186
180
173
162
183
166
172
189
166
160
211
179
177
192
185
176
184
196
209
182
200
203
205
186
216
216
225
217
201
200
227
212
207
216
243
212
209
214
200
236
250
215
252
251
261
244
261
256
246
248
258
267
238
283
255
277
289
289
266
277
271
268
292
259
262
270
264
276
278
270
269
292
268
296
267
272
258
281
267
280
270
256
277
253
259
268
287
263
257
269
265
256
257
257
236
230
231
224
266
265
219
216
228
222
230
259
232
226
227
227
219
211
219
225
231
219
255
241
243
224
241
236
240
213
219
215
224
258
250
252
266
267
229
239
235
246
254
249
274
261
262
257
226
247
286
267
262
296
291
277
264
301
292
281
270
323
287
281
324
302
311
298
307
301
330
333
319
337
352
326
296
322
336
330
308
343
345
319
336
349
375
331
353
361
331
360
338
328
354
367
322
366
377
345
386
394
369
361
361
329
393
360
354
320
364
394
400
332
395
366
391
371
410
360
361
387
410
388
372
423
407
383
423
431
452
439
466
450
462
486
519
542
560
538
591
612
644
673
681
739
795
806
886
941
992
999
1110
1109
1146
1272
1274
1430
1421
1516
1503
1605
1710
1781
1796
2010
2046
2090
2186
2376
2379
2470
2615
2608
2691
2802
2917
3010
3058
3231
3296
3348
3417
3472
3588
3675
3589
3710
3907
3937
4016
4034
4038
4081
4067
4022
4163
4160
4102
4037
4136
4120
4184
4037
4012
3919
3942
3962
4003
3870
3807
3719
3678
3612
3489
3471
3332
3310
3249
3164
3033
3012
2888
2774
2773
2596
2575
2473
2480
2330
2237
2187
2151
2001
1973
1867
1793
1731
1609
1560
1544
1449
1379
1338
1247
1252
1198
1129
1086
1087
963
923
877
918
888
803
768
758
705
708
693
667
595
623
533
560
572
513
498
488
479
486
477
413
481
440
411
383
394
380
370
382
368
388
376
394
345
367
330
319
309
365
310
335
346
319
343
324
353
313
334
293
322
329
326
343
316
312
295
310
318
319
301
321
313
311
364
309
304
298
296
303
278
307
269
250
279
284
281
291
260
277
281
267
255
278
252
251
227
232
231
232
217
207
202
208
198
196
198
199
165
190
190
190
181
186
174
157
183
149
166
146
136
124
137
137
163
126
145
132
136
140
132
125
122
123
120
116
131
125
119
107
122
94
123
113
108
116
120
100
135
118
93
112
100
119
103
107
114
110
130
130
100
89
131
106
114
106
105
102
113
105
117
116
126
103
124
119
103
118
97
98
104
99
96
108
123
125
107
102
125
100
114
91
106
121
111
121
115
93
81
100
103
111
102
101
112
104
97
121
102
130
108
115
105
102
93
87
94
89
89
110
102
92
99
104
105
95
98
101
87
121
91
87
84
80
81
93
115
84
107
110
100
88
99
85
86
110
85
91
82
97
95
83
87
85
108
93
96
88
99
100
94
98
100
90
85
95
106
91
92
84
88
93
102
81
96
77
92
83
92
94
71
96
67
105
105
110
120
108
106
95
96
90
97
80
105
86
112
112
84
93
104
111
106
133
105
108
101
103
88
92
114
98
111
111
97
111
99
99
98
109
97
98
116
110
107
116
91
78
112
106
96
114
96
111
106
100
122
113
96
124
94
95
109
81
91
86
92
99
102
100
76
90
102
84
105
94
110
106
95
105
91
104
113
100
118
89
115
99
103
107
93
90
101
111
102
111
113
102
114
111
89
110
88
105
118
123
115
119
111
111
124
133
125
108
105
116
96
114
97
110
137
96
111
137
121
127
103
113
125
122
124
102
122
122
130
121
129
133
134
130
136
124
114
135
135
133
123
118
144
124
130
133
121
125
122
139
134
131
120
91
121
140
97
119
118
125
117
112
118
123
116
123
119
109
109
104
114
115
104
112
96
103
103
98
101
124
126
105
122
109
102
106
95
96
119
95
119
116
83
86
95
114
87
82
89
94
91
99
105
83
90
100
83
88
101
85
115
82
80
95
90
95
92
86
95
92
85
80
103
90
103
101
105
107
105
117
102
111
126
87
88
98
105
103
108
124
112
113
115
101
126
132
138
142
138
129
145
159
142
163
143
170
162
164
175
161
183
178
193
228
244
256
244
225
271
268
241
262
264
272
305
331
314
357
300
344
324
341
392
364
409
350
383
436
400
424
433
439
432
403
416
486
436
445
439
456
441
476
508
466
490
451
455
482
464
486
475
459
459
449
503
431
426
458
419
415
392
406
422
411
400
372
343
380
403
367
349
319
345
327
313
325
280
270
283
270
258
277
267
254
253
223
227
236
198
192
191
188
196
188
192
180
136
174
157
157
153
174
146
149
133
149
159
126
143
108
138
138
150
154
142
130
135
143
149
131
151
126
149
130
145
161
123
133
124
144
149
156
133
141
159
157
149
163
159
134
163
170
172
155
152
153
194
178
171
178
165
199
162
166
174
198
188
197
162
173
171
182
166
159
170
185
199
177
175
172
182
155
155
181
171
158
147
170
183
155
175
159
172
158
133
186
151
153
142
121
162
145
131
143
122
123
120
120
150
130
112
120
108
114
126
109
117
95
105
101
101
98
86
82
90
103
78
91
94
84
102
74
90
79
85
63
87
88
91
77
80
86
78
75
86
71
66
64
75
59
79
63
80
74
70
69
88
65
64
72
73
61
73
63
64
61
70
77
68
69
64
51
59
74
67
59
46
72
69
75
58
62
72
53
70
74
83
71
72
66
80
73
63
48
63
61
69
61
69
58
72
66
62
72
75
55
61
70
65
67
58
72
83
76
62
63
70
71
59
74
64
76
55
64
66
72
86
66
68
65
74
71
71
64
75
78
71
60
77
77
81
72
89
58
85
79
74
69
90
61
67
79
89
73
87
72
75
68
67
81
71
77
87
68
71
78
86
90
85
63
71
79
87
82
71
69
72
68
76
61
80
55
69
66
67
74
70
81
75
73
72
76
62
69
79
79
82
70
78
78
84
70
69
72
83
98
81
64
57
75
81
74
70
85
82
76
66
75
79
86
71
75
82
76
79
88
59
86
84
73
88
96
72
82
79
81
89
85
98
79
76
82
74
87
80
75
86
72
83
81
73
57
89
71
76
56
57
82
67
77
60
61
68
72
58
71
68
69
66
56
64
60
63
78
77
63
70
75
62
56
67
72
65
75
62
55
61
57
62
51
47
49
61
62
50
56
59
51
60
50
47
43
47
40
60
56
56
52
43
42
61
63
50
46
63
63
49
59
43
52
57
47
40
60
46
39
59
49
39
53
55
48
55
50
57
54
38
52
46
47
38
54
41
47
53
51
47
44
49
41
47
45
53
42
53
43
44
46
42
57
55
47
47
49
38
53
54
54
57
39
49
50
50
50
46
51
54
54
44
50
53
41
52
45
44
51
50
35
35
54
36
49
45
46
44
36
52
49
48
50
42
45
59
46
43
44
41
40
42
46
48
38
47
41
52
44
51
45
45
47
41
49
45
56
43
49
45
51
51
36
45
45
54
48
34
41
45
51
43
55
48
47
42
46
30
59
40
46
29
35
46
38
42
43
47
52
41
32
41
43
46
41
48
41
56
51
66
38
30
40
47
44
51
43
46
55
54
46
56
49
47
54
43
40
55
48
40
56
37
62
51
48
55
50
41
60
54
49
55
45
45
43
45
47
60
43
60
42
38
45
52
47
61
45
46
46
47
49
47
53
43
53
39
48
51
49
63
44
41
30
53
42
54
33
40
53
35
43
38
48
41
42
30
34
34
51
35
55
42
52
49
34
43
35
42
36
43
52
28
38
34
32
41
31
48
46
42
39
30
27
48
39
47
54
37
57
44
47
40
40
43
34
37
55
34
46
36
46
40
31
41
40
35
40
40
35
35
46
34
33
35
30
33
19
43
33
42
46
36
33
32
35
35
38
35
35
36
31
32
36
29
41
33
45
58
31
46
35
50
36
45
33
29
35
42
38
32
29
33
37
45
35
53
40
25
37
28
34
32
28
33
41
19
27
36
47
35
36
40
37
38
33
36
38
33
40
37
44
44
37
47
33
45
41
31
40
36
31
30
35
31
33
41
39
39
32
40
44
45
43
37
42
47
23
38
37
36
47
29
47
35
37
32
43
32
25
20
33
28
39
39
37
26
41
29
31
48
37
35
44
39
40
43
43
24
34
47
41
34
31
34
35
26
35
34
33
50
39
43
36
35
37
43
36
38
32
32
27
36
43
28
43
34
26
37
34
38
31
41
40
32
31
42
43
35
35
46
32
38
42
40
29
27
25
39
43
34
37
41
39
33
42
38
34
42
35
28
31
44
36
41
32
41
46
32
34
33
33
33
46
21
34
34
33
34
30
33
43
29
42
38
32
43
34
29
30
34
52
36
25
31
37
33
42
29
31
43
24
42
42
39
36
23
27
31
34
33
39
28
41
43
36
36
46
39
38
34
33
35
40
24
34
27
38
23
39
37
45
28
33
34
39
36
31
32
38
27
30
38
27
28
37
27
25
37
36
29
33
35
29
24
29
29
29
35
30
30
42
36
32
35
33
36
33
40
35
47
37
31
30
25
33
37
42
23
28
35
33
43
31
34
25
39
31
30
37
22
34
27
36
38
33
22
31
36
28
21
43
22
32
28
30
36
33
30
34
32
30
33
29
34
28
41
31
34
34
32
37
29
38
40
26
34
39
34
33
38
39
38
29
37
30
32
38
33
27
37
33
39
33
24
26
28
29
33
29
32
29
27
39
36
32
28
27
39
36
30
30
40
39
32
26
40
30
24
20
38
37
29
39
43
33
34
26
33
27
20
43
34
38
37
23
30
33
41
29
27
29
31
30
37
34
31
22
20
27
48
35
34
21
33
21
39
27
32
37
26
22
29
39
29
32
27
20
31
26
19
28
29
30
27
31
31
25
29
33
24
33
18
38
24
27
29
25
24
29
30
24
33
26
31
34
35
28
33
29
23
22
24
28
29
28
31
28
25
22
35
26
20
41
21
29
30
27
27
38
39
23
29
36
29
29
32
23
29
18
27
31
30
25
34
26
28
26
24
17
22
32
30
41
21
23
34
26
34
35
31
31
23
30
26
31
31
27
30
25
27
25
26
26
26
30
23
15
28
16
24
29
31
24
23
25
28
27
30
31
11
26
26
28
26
24
24
24
24
15
14
29
28
26
29
27
29
27
24
30
24
20
20
24
26
29
18
29
23
29
24
20
23
24
17
36
19
32
27
34
30
26
21
31
28
33
20
30
28
33
33
18
32
25
23
25
38
31
21
27
27
22
28
15
22
22
31
18
26
29
28
24
37
19
26
32
30
28
25
17
33
23
25
24
29
28
31
29
32
32
25
32
32
32
22
34
37
27
14
23
36
18
19
26
40
28
29
27
22
25
26
20
27
17
30
22
27
32
28
20
22
27
25
27
30
25
18
19
20
25
32
27
29
21
35
22
31
31
20
20
29
34
32
26
14
30
15
22
23
19
35
19
31
20
23
25
21
30
14
23
26
28
27
19
26
29
22
28
25
35
27
19
25
23
25
27
27
22
22
25
21
30
25
22
30
30
26
24
17
27
24
23
21
26
20
33
24
26
30
29
20
21
24
25
22
12
23
28
19
19
22
20
31
21
20
19
17
21
12
19
29
21
23
27
20
26
23
30
23
23
25
24
28
23
17
28
26
26
27
30
18
25
23
21
18
21
24
21
25
19
25
33
21
24
21
19
19
25
24
19
26
28
27
26
26
30
18
23
27
24
28
32
18
20
24
23
23
30
20
20
23
20
33
20
25
25
16
24
23
23
29
31
24
24
21
24
20
19
25
14
25
24
16
27
19
18
22
16
21
29
11
19
32
23
17
24
22
23
27
16
19
17
25
22
18
20
22
21
27
16
24
20
12
14
25
26
22
22
25
15
25
23
25
20
27
22
21
16
22
22
16
25
17
28
27
22
26
20
18
27
19
23
15
23
19
24
23
31
20
19
18
24
22
16
23
21
31
25
21
29
23
22
24
15
32
13
24
26
19
20
24
26
19
19
27
18
28
26
21
23
30
27
18
12
27
15
24
20
20
26
18
19
23
17
19
21
21
22
15
24
24
18
14
20
17
18
20
20
22
22
27
20
25
8
15
28
23
22
23
17
18
22
20
19
24
25
19
21
26
21
13
12
27
11
18
21
17
23
16
17
24
22
16
16
24
25
22
27
30
24
14
22
20
24
14
25
16
32
22
19
21
16
29
25
19
26
16
18
24
9
19
24
14
16
13
18
22
16
21
26
17
17
31
27
23
18
14
16
22
20
16
22
15
21
22
19
18
23
20
16
26
25
16
24
25
32
14
18
16
22
25
22
25
25
14
21
22
18
19
17
18
22
20
17
31
19
23
23
22
16
17
26
15
28
18
13
17
20
24
21
18
16
18
12
20
20
17
19
17
22
27
18
14
15
17
17
26
21
25
35
25
17
20
19
14
20
11
17
17
15
22
17
20
16
20
27
14
17
21
21
21
23
25
17
20
25
17
17
23
18
14
17
25
11
25
15
17
28
9
22
22
22
20
21
17
10
17
15
14
18
24
14
20
21
14
20
10
20
15
17
14
15
22
20
11
22
15
11
17
25
21
14
11
12
11
14
22
12
15
21
17
12
17
17
11
11
20
18
17
17
14
8
20
14
26
24
20
11
27
17
15
12
15
10
23
18
12
12
19
20
24
11
12
21
15
16
15
12
15
12
10
16
10
17
12
13
16
10
19
17
15
17
21
13
18
17
14
14
11
19
20
18
13
19
14
19
25
13
22
14
16
10
22
19
20
16
18
16
14
15
17
16
18
21
22
15
22
16
16
19
14
13
17
17
15
20
18
12
14
18
18
16
16
13
16
18
14
16
16
9
8
16
11
15
17
16
15
17
14
9
14
13
12
19
19
17
12
25
18
16
12
17
13
21
13
16
15
14
12
15
16
11
17
13
16
21
13
16
17
15
12
16
20
15
12
17
21
14
27
12
15
15
11
8
13
19
15
20
27
21
19
14
12
14
17
15
13
20
10
19
18
10
8
15
10
17
25
11
12
22
16
20
22
15
17
22
14
19
10
12
10
8
15
18
21
16
11
16
22
18
14
16
14
16
15
13
11
19
13
9
19
22
15
12
21
17
10
17
13
21
8
14
13
13
22
15
13
14
16
19
14
10
8
8
8
15
17
18
24
22
13
18
18
13
21
17
11
13
21
12
11
16
11
15
8
13
25
8
15
13
11
6
8
13
14
13
18
17
14
15
13
10
10
8
13
14
10
12
12
11
16
16
17
20
23
9
23
11
14
15
13
14
18
11
7
15
9
23
12
12
12
15
15
11
16
14
17
15
11
15
12
14
10
15
14
17
8
9
19
8
12
17
9
10
14
15
12
13
17
13
12
22
19
13
15
12
8
14
22
13
17
14
13
9
16
12
8
10
11
14
15
7
7
15
9
13
13
10
12
15
7
21
14
18
21
13
14
13
3
11
10
15
14
10
14
13
15
18
12
10
14
14
16
8
17
12
9
12
12
12
7
19
8
11
8
11
12
16
11
15
12
22
10
18
16
11
12
13
9
9
15
9
14
7
13
13
11
13
7
12
12
12
9
12
16
8
14
17
16
16
13
27
19
13
18
6
8
9
15
12
11
5
11
16
14
9
3
14
13
12
12
17
7
20
14
13
18
14
5
13
9
17
10
12
15
11
9
16
16
10
13
10
16
11
15
13
12
11
17
10
12
12
5
15
18
23
12
10
14
11
14
13
17
21
13
12
15
15
17
8
14
15
10
13
6
12
17
19
13
12
14
15
18
14
19
8
11
7
7
13
13
9
12
9
13
14
16
12
9
14
6
16
12
15
5
8
11
7
10
19
10
11
17
7
19
14
12
13
7
9
9
12
9
9
4
8
10
21
9
7
11
6
8
10
6
14
8
16
12
9
12
14
10
6
12
14
13
6
7
9
16
9
8
9
8
9
8
9
9
10
11
9
11
9
6
8
6
12
14
4
12
8
7
8
7
7
9
8
11
7
10
14
11
11
7
8
8
10
10
6
11
11
7
5
5
7
9
11
14
7
19
8
6
6
7
6
9
8
8
9
9
9
7
14
13
12
6
6
8
9
14
9
8
8
11
14
4
10
7
8
8
9
14
12
9
10
7
9
5
13
10
7
9
5
6
14
8
13
9
8
8
9
6
8
8
5
8
12
10
8
4
6
11
8
8
2
6
13
6
3
6
10
5
4
12
16
9
8
11
12
8
4
3
6
10
6
10
8
9
8
10
11
13
5
5
13
11
8
8
9
9
9
7
12
8
6
11
7
7
8
5
8
11
11
6
11
12
7
8
7
8
15
14
2
6
9
7
8
7
11
7
9
11
12
12
6
7
8
12
11
4
6
6
10
10
10
8
10
8
8
11
7
10
10
7
10
13
9
11
5
11
12
6
8
5
11
9
9
4
4
6
8
11
8
4
5
5
10
8
9
8
11
9
4
9
11
12
4
7
5
7
10
6
7
11
7
5
6
12
6
14
7
11
6
7
6
8
10
8
12
5
11
2
10
12
10
7
5
9
7
7
8
8
6
8
11
12
6
12
10
6
11
7
7
2
8
5
6
6
5
11
4
12
7
7
10
7
9
9
18
7
9
6
6
11
7
2
5
3
11
9
7
9
4
7
2
8
5
15
6
8
3
6
2
8
5
10
5
3
5
4
7
5
10
9
8
8
9
10
5
7
9
5
7
12
4
13
6
6
12
4
11
3
9
10
4
8
6
9
7
9
6
5
8
6
4
4
5
10
7
5
9
8
9
10
7
10
9
5
4
7
6
5
8
8
4
7
8
4
7
7
8
9
6
7
5
4
4
5
7
6
3
6
7
4
4
6
8
9
3
7
9
6
8
7
9
9
5
5
7
3
14
6
10
4
5
7
6
12
6
3
9
11
2
1
11
7
4
3
7
4
4
8
3
9
6
7
5
2
6
4
10
8
7
7
3
1
4
8
7
7
1
10
7
7
7
9
3
4
9
10
8
1
2
5
9
6
11
6
7
7
7
9
9
4
5
8
4
10
3
5
8
2
11
4
6
6
7
10
6
4
8
6
4
8
6
4
8
7
5
6
2
8
4
5
7
5
6
9
9
0
9
8
6
6
9
6
4
4
6
6
12
6
3
5
11
7
3
5
6
2
2
7
8
5
8
7
5
4
6
10
9
7
4
4
7
8
7
7
5
9
1
3
11
9
5
6
9
5
9
8
3
8
6
8
6
4
5
6
7
6
6
3
9
6
7
3
4
6
6
8
7
3
9
4
9
5
7
8
4
3
2
7
4
1
7
3
3
5
3
2
4
3
8
6
3
3
9
2
2
6
6
2
3
6
4
1
4
2
6
7
6
5
7
2
6
4
6
4
5
7
3
7
4
4
8
4
7
6
7
6
2
6
4
6
4
5
3
4
2
5
2
5
5
6
2
3
2
2
1
3
3
7
1
1
1
2
6
5
6
3
3
7
8
5
2
4
4
3
5
4
4
3
2
2
7
2
2
4
7
4
4
2
5
2
3
5
4
4
3
4
8
3
4
5
2
2
4
2
3
4
5
5
6
1
3
5
2
4
5
6
3
4
6
7
4
5
6
4
4
4
8
3
5
3
7
1
3
3
1
3
3
2
3
3
4
1
1
6
4
3
1
4
1
5
1
0
2
2
4
3
4
3
1
3
2
0
4
2
3
2
3
1
3
7
3
5
1
4
1
4
3
3
2
7
1
3
2
3
4
1
1
3
2
2
2
3
1
4
4
1
2
1
1
2
5
0
1
4
7
3
4
1
2
5
3
5
3
3
5
2
0
4
2
4
3
4
2
5
2
2
3
2
3
3
4
2
5
3
5
1
0
8
2
4
1
2
4
1
4
3
4
3
2
4
3
1
5
3
4
3
4
4
2
1
4
2
2
5
2
5
1
4
2
5
1
1
3
1
5
3
0
3
4
0
1
7
3
2
2
2
2
4
0
1
4
1
2
3
1
1
3
3
3
4
3
1
0
2
1
6
1
1
3
3
4
5
3
2
4
3
1
2
0
1
5
4
2
0
1
3
1
3
2
3
4
3
2
2
1
2
2
1
2
3
3
0
1
2
1
3
3
0
3
1
3
2
1
1
1
2
2
3
2
2
0
4
3
0
3
2
2
5
1
2
3
3
4
0
1
4
5
2
3
6
3
3
7
0
1
0
5
4
2
0
2
1
2
2
1
2
0
1
1
1
1
2
2
0
1
1
1
4
4
1
0
1
1
5
1
3
0
1
1
1
2
2
3
3
4
3
2
1
1
1
2
1
1
0
4
1
4
1
2
2
1
1
0
2
3
1
0
2
2
1
0
2
4
1
1
0
1
1
3
1
2
0
2
1
2
3
3
0
0
0
1
0
1
1
0
0
1
2
0
3
1
0
0
3
2
3
4
0
3
3
3
1
2
0
1
2
3
0
2
2
3
0
4
3
0
4
1
3
4
0
0
1
1
1
2
2
1
2
1
0
0
4
0
3
1
3
5
0
0
0
0
3
1
1
1
4
0
3
3
0
2
1
1
2
2
1
0
5
2
2
2
2
2
1
0
2
0
1
2
1
6
2
0
1
1
0
3
0
2
5
2
2
2
1
1
2
1
1
1
1
2
2
3
2
3
1
0
1
0
2
3
0
2
1
3
1
1
1
3
1
1
0
0
1
2
1
1
3
2
0
0
1
2
0
1
0
1
2
0
0
0
0
2
2
2
0
0
1
0
1
2
0
0
1
1
1
0
2
1
3
0
1
1
0
0
1
2
3
0
0
0
1
2
0
2
0
0
0
0
2
2
0
0
2
1
1
0
1
0
2
2
0
1
1
1
0
1
1
0
1
1
2
1
2
1
0
0
1
0
1
1
1
2
0
1
1
1
0
1
0
1
2
0
1
0
3
0
1
0
0
0
1
0
0
0
1
0
1
1
0
3
0
0
0
0
1
2
1
3
1
0
1
4
0
0
1
0
0
1
1
1
0
0
2
1
1
1
0
0
0
0
0
1
0
0
0
1
1
1
0
1
0
0
0
1
0
0
3
1
2
1
1
0
0
0
0
1
0
1
3
0
2
0
1
0
0
2
0
0
0
0
1
0
0
1
2
0
0
1
1
0
0
2
2
0
0
1
0
0
1
0
2
0
2
1
3
0
0
0
1
1
0
0
3
0
2
0
0
0
0
0
0
0
1
1
1
0
1
1
0
1
1
1
0
0
0
0
0
0
0
1
0
0
2
0
0
0
0
0
1
0
1
1
1
1
0
0
1
2
0
0
1
2
0
0
2
0
1
3
0
0
0
1
1
0
0
0
0
0
1
0
0
1
0
2
0
0
0
3
0
0
1
1
1
0
2
0
0
2
1
1
1
0
1
1
0
1
0
0
0
2
1
0
0
1
0
0
0
0
2
1
1
1
0
0
0
1
0
0
0
1
0
2
0
0
0
1
0
0
2
2
2
1
1
0
0
0
0
0
0
5
1
0
0
2
0
0
0
1
0
0
0
0
0
0
0
0
2
1
1
0
0
0
2
0
0
2
0
1
1
1
0
0
1
0
0
1
0
1
0
0
0
1
1
2
0
1
0
0
0
0
0
0
0
0
1
0
0
0
0
1
1
0
1
0
1
0
0
1
0
1
2
1
0
0
1
0
1
0
0
0
0
1
0
0
1
0
0
1
1
0
0
2
0
1
0
1
0
1
0
0
1
0
0
0
1
1
0
0
1
0
0
0
0
1
1
0
1
1
1
0
0
0
1
0
0
0
0
1
1
1
0
0
0
0
0
0
0
0
0
0
1
0
0
0
0
2
0
0
2
0
0
0
0
2
0
0
1
1
1
0
0
0
0
0
0
0
0
0
1
0
0
1
0
0
1
0
0
2
2
0
1
1
0
0
0
0
1
0
0
0
0
0
1
2
0
1
0
0
0
0
0
0
1
0
0
0
0
0
1
0
0
0
0
1
0
0
0
0
0
1
0
1
1
0
0
0
0
0
0
0
0
0
0
0
0
0
0
1
0
1
0
0
0
0
0
3
0
0
0
0
0
0
0
0
1
0
0
0
2
0
1
0
1
0
0
0
0
0
0
0
0
1
0
0
0
1
0
0
0
0
1
0
0
0
0
1
0
1
0
0
0
1
0
0
0
0
0
0
1
0
1
1
1
0
0
0
0
0
1
1
0
0
0
0
0
0
1
0
1
2
0
0
0
0
0
0
0
0
0
0
0
0
0
0
0
1
0
0
0
0
0
0
0
0
0
0
0
0
0
0
0
0
0
0
0
0
0
0
1
0
0
0
0
0
0
0
1
0
1
0
0
0
0
0
0
0
0
0
0
0
0
0
1
0
0
0
1
0
0
0
0
0
0
0
1
0
0
0
0
0
0
0
0
0
0
0
0
0
0
0
0
0
0
0
0
0
0
0
0
0
0
0
0
0
0
1
0
0
0
0
0
0
0
0
1
0
0
1
0
0
0
0
0
1
0
1
0
0
0
0
0
0
1
0
0
1
0
1
0
0
0
0
0
0
0
1
1
0
0
0
0
0
0
0
0
0
0
0
0
0
1
0
0
0
0
0
0
0
1
0
0
0
0
0
0
0
0
0
0
0
0
2
0
0
0
0
0
0
1
0
0
0
0
0
0
0
0
0
0
0
0
0
1
0
0
0
1
0
0
0
0
0
0
0
0
1
0
0
1
0
0
0
0
0
0
0
0
0
0
1
0
0
0
0
0
0
1
0
0
0
1
0
0
0
0
1
0
2
0
0
1
0
0
0
0
0
0
0
0
0
0
0
0
0
0
0
0
0
0
0
0
1
0
3
0
0
0
0
0
0
1
0
0
0
0
0
0
0
0
0
0
0
0
1
0
0
0
0
0
1
0
0
0
0
0
0
0
0
0
0
0
0
0
0
0
0
0
0
0
0
0
0
0
0
0
0
0
0
0
0
0
0
0
0
0
0
0
0
0
0
0
1
0
0
0
0
0
0
0
0
0
0
0
0
0
0
0
0
0
0
0
0
1
0
0
0
0
0
0
0
0
0
0
0
0
0
0
0
1
0
0
0
0
0
0
0
0
0
0
0
0
0
0
0
0
0
0
0
1
0
0
0
1
0
0
0
0
0
0
0
0
0
0
0
0
0
0
0
0
0
0
0
0
0
0
0
0
0
0
0
0
0
0
0
0
0
0
0
0
0
0
0
0
1
2
0
0
0
0
0
0
1
0
0
0
0
0
0
0
0
0
0
0
0
0
0
0
0
0
0
0
0
0
0
0
0
1
0
0
1
0
0
0
0
0
1
0
0
0
0
0
0
0
0
0
1
0
0
0
0
0
0
0
0
0
0
0
0
0
0
0
0
0
0
0
0
0
0
0
0
0
0
0
0
0
0
0
0
0
1
0
0
0
1
0
0
0
1
0
0
0
0
0
0
0
0
0
0
0
0
1
0
0
0
0
0
0
0
0
0
0
0
1
0
0
0
0
0
0
0
1
0
0
0
0
1
0
0
1
0
0
0
0
0
0
0
0
0
0
0
0
0
0
1
1
0
0
0
0
0
0
0
0
0
0
0
0
0
0
0
0
0
0
0
0
1
0
0
0
0
0
1
0
0
0
0
0
0
0
0
0
1
0
0
0
0
0
0
0
0
0
0
0
0
0
0
0
0
0
0
1
0
1
0
0
0
0
0
0
0
0
0
0
0
0
0
0
0
0
1
0
0
0
0
0
0
0
0
0
0
0
0
0
0
0
0
0
0
0
0
0
0
0
0
0
0
0
0
0
0
0
0
0
0
0
0
0
1
1
1
1
0
0
0
0
1
1
0
0
0
0
0
0
0
0
0
0
0
0
0
0
0
0
0
0
0
0
0
0
0
0
0
0
0
0
0
0
0
0
0
0
1
0
0
0
1
0
0
0
0
0
0
0
0
0
0
0
0
0
0
0
0
1
0
0
0
0
0
1
0
0
0
0
0
0
0
0
0
0
0
0
0
0
0
0
0
0
1
0
0
0
0
0
0
0
0
0
0
0
0
0
0
0
0
0
0
0
0
0
0
0
0
0
0
0
0
0
0
0
0
0
0
0
0
0
0
1
0
0
0
0
0
0
0
0
0
0
0
0
0
0
0
1
0
0
0
0
0
0
0
0
0
0
0
1
0
0
1
0
0
0
0
0
0
0
0
0
0
0
0
0
0
1
1
0
0
0
0
0
0
0
0
0
0
0
0
0
0
0
0
0
0
0
0
0
0
0
0
0
0
0
0
0
0
1
0
0
0
0
0
0
0
0
0
0
1
0
0
0
0
0
0
0
0
0
0
0
0
0
0
0
1
0
0
0
0
0
0
0
1
0
0
0
0
0
0
0
0
0
0
0
0
0
0
0
0
0
0
0
0
0
0
0
0
0
0
0
0
0
0
0
0
0
0
0
0
0
0
0
0
0
1
0
0
0
0
0
0
0
0
0
0
0
0
0
0
0
0
0
0
0
0
0
0
0
0
0
0
0
0
0
0
0
0
0
0
0
0
0
0
0
0
0
0
0
0
0
0
0
0
0
0
0
0
0
1
1
0
0
0
0
0
0
0
0
0
0
0
0
0
1
0
0
0
0
0
0
0
0
0
0
0
0
0
0
0
0
0
0
0
0
0
0
0
0
0
0
0
0
0
0
0
0
0
0
0
0
0
0
0
0
0
0
1
0
0
0
0
0
0
0
0
0
0
0
0
0
0
0
0
0
0
0
0
0
0
0
0
0
0
0
0
0
0
0
0
0
0
0
0
0
0
0
0
0
0
0
0
0
0
0
0
0
0
0
0
0
0
0
0
0
0
0
0
0
0
0
0
0
0
0
0
0
0
0
0
0
0
0
0
0
0
0
0
0
0
0
0
0
0
0
0
0
0
0
0
0
0
0
0
0
0
0
0
0
0
0
0
0
0
0
0
0
0
0
0
0
0
0
0
0
0
0
0
0
0
0
0
0
0
0
0
1
0
0
0
0
0
0
0
1
0
0
0
0
0
0
0
0
0
0
0
0
0
0
0
0
0
0
0
0
0
0
0
0
0
0
0
0
0
0
0
0
0
1
0
0
0
0
0
0
0
0
0
0
0
0
0
0
0
0
0
0
0
0
0
0
1
1
0
0
0
0
0
0
0
0
0
0
0
0
1
0
0
0
0
0
0
0
0
0
0
0
0
0
0
0
0
0
0
0
0
0
0
0
0
0
0
0
0
0
0
0
0
0
0
0
0
0
0
0
0
0
0
0
0
0
0
0
0
0
0
0
0
0
0
0
0
0
0
0
0
0
0
0
0
0
0
0
0
0
0
0
0
0
0
0
1
0
0
0
0
0
0
0
0
0
0
0
0
0
0
0
0
0
1
0
0
0
0
0
0
0
0
0
0
0
0
0
0
0
0
0
1
0
0
0
0
0
0
0
0
1
0
0
0
0
0
0
0
0
0
0
0
0
0
0
0
0
0
0
0
0
0
0
0
0
1
0
0
0
0
0
0
0
0
0
0
0
0
0
0
0
0
0
0
0
0
0
0
0
0
0
0
0
0
0
0
0
0
0
0
0
0
0
0
0
0
0
0
0
0
0
0
0
0
0
0
0
0
0
0
0
0
0
0
0
0
0
0
0
0
0
0
0
0
0
0
0
0
0
0
0
0
0
0
0
0
0
0
0
0
0
0
0
0
0
0
1
0
0
0
0
0
0
0
0
0
0
0
0
0
0
0
0
0
0
0
0
0
0
0
0
0
0
0
0
0
0
0
0
1
0
0
0
0
0
0
0
0
0
0
0
0
0
0
0
0
0
0
0
0
0
0
0
0
0
0
0
0
0
0
0
0
0
0
0
0
0
0
0
0
0
0
0
0
0
0
0
0
0
0
0
0
0
0
0
0
0
0
0
0
0
0
0
0
0
0
0
0
0
0
0
0
0
0
0
0
0
0
0
0
0
0
0
0
0
0
0
0
0
0
0
0
0
0
0
0
0
0
0
0
0
0
0
0
0
0
0
0
0
0
0
0
0
0
0
0
0
0
0
0
0
0
0
0
0
0
0
0
0
0
0
0
0
0
0
0
0
0
0
0
0
0
0
0
0
0
0
0
0
0
0
0
0
0
0
0
0
0
0
0
0
0
0
0
0
0
0
0
0
0
0
0
0
0
0
0
0
0
0
0
0
0
0
0
0
0
0
0
0
0
0
0
0
0
1
0
0
0
0
0
0
0
0
0
0
0
0
0
0
0
0
0
1
0
0
0
0
0
0
0
0
0
0
0
0
0
0
0
0
0
0
0
0
0
0
0
0
0
0
0
0
0
0
0
0
0
0
0
0
0
0
0
0
0
0
0
0
0
0
0
0
0
0
0
0
0
0
0
0
0
0
0
0
0
0
0
0
0
0
0
0
0
0
0
0
0
0
0
0
0
0
0
0
0
0
0
0
0
0
0
0
0
0
0
0
0
0
0
0
0
0
0
0
0
0
0
0
0
0
0
0
0
0
0
0
0
0
0
0
0
0
0
0
0
0
0
0
0
0
0
0
0
0
0
0
0
0
0
0
0
0
0
0
0
0
0
0
0
0
0
0
0
0
0
0
0
0
0
0
0
0
0
0
0
0
0
0
0
0
0
0
0
0
0
0
0
0
0
0
0
0
0
0
0
0
0
0
0
0
0
0
0
0
0
0
0
0
0
0
0
0
0
0
0
0
0
0
0
0
0
0
0
0
0
0
0
0
1
0
0
0
0
0
0
0
0
0
0
0
0
0
0
0
0
0
0
0
0
0
0
0
0
1
0
0
0
0
0
0
0
0
0
0
0
0
0
0
0
0
0
0
0
0
0
0
0
0
0
0
0
0
0
0
0
0
0
0
0
0
0
0
0
0
0
0
0
0
0
0
0
0
0
0
0
0
0
0
0
0
0
0
0
0
0
0
0
0
0
0
0
0
0
0
0
0
0
0
0
0
0
0
0
0
0
0
0
0
0
0
0
0
0
0
0
1
0
0
0
0
0
0
0
0
0
0
0
0
0
0
0
0
0
0
0
0
0
0
0
0
0
0
0
0
0
0
0
0
1
0
0
0
0
0
0
0
0
0
0
0
0
0
0
0
0
0
0
0
0
0
0
0
0
0
0
0
0
0
0
0
0
0
0
0
0
0
0
0
0
0
0
0
0
0
0
0
0
0
0
0
0
0
0
0
0
0
0
0
0
0
0
0
0
0
0
0
0
0
0
0
0
0
0
0
0
0
0
0
0
0
0
0
0
0
0
0
0
0
0
0
0
0
0
0
0
0
0
0
0
0
0
0
0
0
0
0
0
0
0
0
0
0
0
0
0
0
0
0
0
0
0
0
0
0
0
0
0
0
0
0
0
0
0
0
0
0
0
0
0
0
0
0
0
0
0
0
0
0
0
0
0
0
0
0
0
0
0
0
0
0
0
0
0
0
0
0
0
0
0
0
0
0
0
0
0
0
0
0
0
0
0
0
0
0
0
0
0
0
0
0
0
0
0
0
0
0
0
0
0
0
0
0
0
0
0
0
0
0
0
0
0
0
0
0
0
0
0
0
0
0
0
0
0
0
0
0
0
0
0
0
0
0
0
0
0
0
0
0
0
0
0
0
0
0
0
0
0
0
0
0
0
0
0
0
0
0
0
0
0
0
0
0
0
0
0
0
0
0
0
0
0
0
0
0
0
0
0
0
0
0
0
0
0
0
0
0
0
0
0
0
0
0
0
0
0
0
0
0
0
0
0
0
0
0
0
0
0
0
0
0
0
0
0
0
0
0
0
0
0
0
0
0
0
0
0
0
0
0
0
0
0
0
0
0
0
0
0
0
0
0
0
0
0
1
0
0
0
0
0
0
0
0
0
0
0
0
0
0
0
0
0
0
0
0
0
0
0
0
0
0
0
0
0
0
0
0
0
0
0
0
0
0
0
0
0
0
0
0
0
0
0
0
0
0
0
0
0
0
0
0
0
0
0
0
0
0
0
0
0
0
0
0
0
0
0
0
0
0
0
0
0
0
0
0
0
0
0
0
0
0
0
0
0
0
0
0
0
0
0
0
0
0
0
0
0
0
0
0
0
0
0
0
0
0
0
0
0
0
0
0
0
0
0
0
0
0
0
0
0
0
0
0
0
0
0
0
0
0
0
0
0
0
0
0
0
0
0
0
0
0
0
0
0
0
0
0
0
0
0
0
0
0
0
0
0
0
0
0
0
0
0
0
0
0
0
0
0
0
0
0
0
0
0
0
0
0
0
0
0
0
1
0
0
0
0
0
0
0
0
0
0
0
0
0
0
0
0
0
0
0
0
0
0
0
0
0
0
0
0
0
0
0
0
0
0
0
0
0
0
0
0
0
0
0
0
0
0
0
0
0
0
0
0
0
0
0
0
0
0
0
0
0
0
0
0
0
0
0
0
0
0
0
0
0
0
0
0
0
0
0
0
0
0
0
0
0
0
0
0
0
0
0
0
0
0
0
0
0
0
0
0
0
0
0
0
0
0
0
0
0
0
0
0
0
0
0
0
0
0
0
0
0
0
0
0
0
0
0
0
0
0
0
0
0
0
0
0
1
0
0
0
0
0
0
0
0
0
0
0
0
0
0
0
0
0
0
0
0
0
0
0
0
0
0
0
0
0
0
0
0
0
0
0
0
0
0
0
0
0
0
0
0
0
0
0
0
0
0
0
0
0
0
0
0
0
0
0
0
0
0
0
0
0
0
0
0
0
0
0
0
0
0
0
0
0
0
0
0
0
0
0
0
0
0
0
0
0
0
0
0
0
0
0
0
0
0
0
0
0
0
0
0
0
0
0
0
0
0
0
0
0
0
0
0
0
0
0
0
0
0
0
0
0
0
0
0
0
0
0
0
0
0
0
0
0
0
0
0
0
0
0
0
0
0
0
0
0
0
0
0
0
0
0
0
0
0
0
0
0
0
0
0
0
0
0
0
0
0
0
0
0
0
0
0
0
0
0
0
0
0
0
0
0
0
0
0
0
0
0
0
0
0
0
0
0
0
0
0
0
0
0
0
0
0
0
0
0
0
0
0
0
0
0
0
0
0
0
0
0
0
0
0
0
0
0
0
0
0
0
0
0
0
0
0
0
0
0
0
0
0
0
0
0
0
0
0
0
0
0
0
0
0
0
0
0
0
0
0
0
0
0
0
0
0
0
0
0
0
0
0
0
0
0
0
0
0
0
0
0
0
0
0
0
0
0
0
0
0
0
0
0
0
0
0
0
0
0
0
0
0
0
0
0
0
0
0
0
0
0
0
0
0
0
0
1
0
0
0
0
0
0
0
0
0
0
0
0
0
0
0
0
0
0
0
0
0
0
0
0
0
0
0
0
0
0
0
0
0
0
0
0
0
0
0
0
0
0
0
0
0
1
0
0
0
0
0
0
0
0
0
0
0
0
0
0
0
0
0
0
0
0
0
0
0
0
0
0
0
0
0
0
0
0
0
0
0
0
0
0
0
0
0
0
0
0
0
0
0
0
0
0
0
0
0
0
0
0
0
0
0
0
0
0
0
0
0
0
0
0
0
0
0
0
0
0
0
0
0
0
0
0
0
0
0
0
0
0
0
0
0
0
0
0
0
0
0
0
0
0
0
0
0
0
0
0
0
0
0
0
0
0
0
0
0
0
0
0
0
0
0
0
0
0
0
0
0
0
0
0
0
0
0
0
0
0
0
0
0
0
0
0
0
0
0
0
0
0
0
0
0
0
0
0
0
0
0
0
0
0
0
0
0
0
0
0
0
0
0
0
0
0
0
0
0
0
0
0
0
0
0
0
0
0
0
0
0
0
0
0
0
0
0
0
0
0
0
0
0
0
0
0
0
0
0
0
0
0
0
0
0
0
0
0
0
0
0
0
0
0
0
0
0
0
0
0
0
0
0
0
0
0
0
0
0
0
0
0
0
0
0
0
0
0
0
0
0
0
0
0
0
0
0
0
0
0
0
0
0
0
0
0
0
0
0
0
0
0
0
0
0
0
0
0
0
0
0
0
0
0
0
0
0
0
0
0
0
0
0
0
0
0
0
0
0
0
0
0
0
0
0
0
0
0
0
0
0
0
0
0
0
0
0
0
0
0
0
0
0
0
0
0
0
0
0
0
0
0
0
0
0
0
0
0
0
0
0
0
0
0
0
0
0
0
0
0
0
0
0
0
0
0
0
0
0
0
0
0
0
0
0
0
0
0
0
0
0
0
0
0
0
0
0
0
0
0
0
0
0
0
0
0
0
0
0
0
0
0
0
0
0
0
0
0
0
0
0
0
0
0
0
0
0
0
0
0
0
0
0
0
0
0
0
0
0
0
0
0
0
0
0
0
0
0
0
0
0
0
0
0
0
0
0
0
0
0
0
0
0
0
0
0
0
0
0
0
0
0
0
0
1
0
0
0
0
0
0
0
0
0
0
0
0
0
0
0
0
0
0
0
0
0
0
0
0
0
0
0
0
0
0
0
0
0
0
0
0
0
0
0
0
0
0
0
0
0
0
0
0
0
0
0
0
0
0
0
0
0
0
0
0
0
0
0
0
0
0
0
0
0
0
0
0
0
0
0
0
0
0
0
0
0
0
0
0
0
0
0
0
0
0
0
0
0
0
0
0
0
0
0
0
0
0
0
0
0
0
0
0
0
0
0
0
0
0
0
0
0
0
0
0
0
0
0
0
0
0
0
0
0
0
0
0
0
0
0
0
0
0
0
0
0
0
0
0
0
0
0
0
0
0
0
0
0
0
0
0
0
0
0
0
0
0
0
0
0
0
0
0
0
0
0
0
0
0
0
0
0
0
0
0
0
0
0
0
0
0
0
0
0
0
0
0
0
0
0
0
0
0
0
0
0
0
0
0
0
0
0
0
0
0
0
0
0
0
0
0
0
0
0
0
0
0
0
0
0
0
0
0
0
0
0
0
0
0
0
0
0
0
0
0
0
0
0
0
0
0
0
0
0
0
0
0
0
0
0
0
0
0
0
0
0
0
0
0
0
0
0
0
0
0
0
0
0
0
0
0
0
0
0
0
0
0
0
0
0
0
0
0
0
0
0
0
0
0
0
0
0
0
0
0
0
0
0
0
0
0
0
0
0
0
0
0
0
0
0
0
0
0
0
0
0
0
0
0
0
0
0
0
0
0
0
1
0
0
0
0
0
0
0
0
0
0
0
0
0
0
0
0
0
0
0
0
0
0
0
0
0
0
0
0
0
0
0
0
0
0
0
0
0
0
0
0
0
0
0
0
0
0
0
0
0
0
0
0
0
0
0
0
0
0
0
0
0
0
0
0
0
0
0
0
0
0
0
0
0
0
0
0
0
0
0
0
0
0
0
0
0
0
0
0
0
0
0
0
0
0
0
0
0
0
0
0
0
0
0
0
0
0
0
0
0
0
0
0
0
0
0
0
0
0
0
0
0
0
0
0
0
0
0
0
0
0
0
0
0
0
0
0
0
0
0
0
0
0
0
0
0
0
0
0
0
0
0
0
0
0
0
0
0
0
0
0
0
0
0
0
0
0
0
0
0
0
0
0
0
0
0
0
0
0
0
0
0
0
0
0
0
0
0
0
0
0
0
0
0
0
0
0
0
0
0
0
0
0
0
0
0
0
0
0
0
0
0
0
0
0
0
0
0
0
0
0
0
0
0
0
0
0
0
0
0
0
0
0
0
0
0
0
0
0
0
0
0
0
0
0
0
0
0
0
0
0
0
0
0
0
0
0
0
0
0
0
0
0
0
0
0
0
0
0
0
0
0
0
0
0
0
0
0
0
0
0
0
0
0
0
0
0
0
0
0
0
0
0
0
0
0
0
0
0
0
0
0
0
0
0
0
0
0
0
0
0
0
0
0
0
0
0
0
0
0
0
0
0
0
0
0
0
0
0
0
0
0
0
0
0
0
0
0
0
0
0
0
0
0
0
0
0
0
0
0
0
0
0
0
0
0
0
0
0
0
0
0
0
0
0
0
0
0
0
0
0
0
0
0
0
0
0
0
0
0
0
0
0
0
0
0
0
0
0
0
0
0
0
0
0
0
0
0
0
0
0
0
0
0
0
0
0
0
0
0
0
0
0
0
0
0
0
0
0
0
0
0
0
0
0
0
0
0
0
0
0
0
0
0
0
0
0
0
0
0
0
0
0
0
0
0
0
0
0
0
0
0
0
0
0
0
0
0
0
0
0
0
0
0
0
0
0
0
0
0
0
0
0
0
0
0
0
0
0
0
0
0
0
0
0
0
0
0
0
0
0
0
0
0
0
0
0
0
0
0
0
0
0
0
0
0
0
0
0
0
0
0
0
0
0
0
0
0
0
0
0
0
0
0
0
0
0
0
0
0
0
0
0
0
0
0
0
0
0
0
0
0
0
0
0
0
0
0
0
0
0
0
0
0
0
0
0
0
0
0
0
0
0
0
0
0
0
0
0
0
0
0
0
0
0
0
0
0
0
0
0
0
0
0
0
0
0
0
0
0
0
0
0
0
0
0
0
0
0
0
0
0
0
0
0
0
0
0
0
0
0
0
0
0
0
0
0
0
0
0
0
0
0
0
0
0
0
0
0
0
0
0
0
0
0
0
0
0
0
0
0
0
0
0
0
0
0
0
0
0
0
0
0
0
0
0
0
0
0
0
0
0
0
0
0
0
0
0
0
0
0
0
0
0
0
0
0
0
0
0
0
0
0
0
0
1
0
0
0
0
0
0
0
0
0
0
0
0
0
0
0
0
0
0
0
0
0
0
0
0
0
0
0
0
0
0
0
0
0
0
0
0
0
0
0
0
0
0
0
0
0
0
0
0
0
0
0
0
0
0
0
0
0
0
0
0
0
0
0
0
0
0
0
0
0
0
0
0
0
0
0
0
0
0
0
0
0
0
0
0
0
0
0
0
0
0
0
0
0
0
0
0
0
0
0
0
0
0
0
0
0
0
0
0
0
0
0
0
0
0
0
0
0
0
0
0
0
0
0
0
0
0
0
0
0
0
0
0
0
0
0
0
0
0
0
0
0
0
0
0
0
0
0
0
0
0
0
0
0
0
0
0
0
0
0
0
0
0
0
0
0
0
0
0
0
0
0
0
0
0
0
0
0
0
0
0
0
0
0
0
0
0
0
0
0
0
0
0
0
0
0
0
0
0
0
0
0
0
0
0
0
0
0
0
0
0
0
0
0
0
0
0
0
0
0
0
0
0
0
0
0
0
0
0
0
0
0
0
0
0
0
0
0
0
0
0
0
0
0
0
0
0
0
0
0
0
0
0
0
0
0
0
0
0
0
0
0
0
0
0
0
0
0
0
0
0
0
0
0
0
0
0
0
0
0
0
0
0
0
0
0
0
0
0
0
0
0
0
0
0
0
0
0
0
0
0
0
0
0
0
0
0
0
0
0
0
0
0
0
0
0
0
0
0
0
0
0
0
0
0
0
0
0
0
0
0
0
0
0
0
0
0
0
0
0
0
0
0
0
0
0
0
0
0
0
0
0
0
0
0
0
0
0
0
0
0
0
0
0
0
0
0
0
0
0
0
0
0
0
0
0
0
0
0
0
0
0
0
0
0
0
0
0
0
0
0
0
0
0
0
0
0
0
0
0
0
0
0
0
0
0
0
0
0
0
0
0
0
0
0
0
0
0
0
0
0
0
0
0
0
0
0
0
0
0
0
0
0
0
0
0
0
0
0
0
0
0
0
0
0
0
0
0
0
0
0
0
0
0
0
0
0
0
0
0
0
0
0
0
0
0
0
0
0
0
0
0
0
0
0
0
0
0
0
0
0
0
0
0
0
0
0
0
0
0
0
0
0
0
0
0
0
0
0
0
0
0
0
0
0
0
0
0
0
0
0
0
0
0
0
0
0
0
0
0
0
0
0
0
0
0
0
0
0
0
0
0
0
0
0
0
0
0
0
0
0
0
0
0
0
0
0
0
0
0
0
0
0
0
0
0
0
0
0
0
0
0
0
0
0
0
0
0
0
0
0
0
0
0
0
0
0
0
0
0
0
0
0
0
0
0
0
0
0
0
0
0
0
0
0
0
0
0
0
0
0
0
0
0
0
0
0
0
0
0
0
0
0
0
0
0
0
0
0
0
0
0
0
0
0
1
0
0
0
0
0
0
0
0
0
0
0
0
0
0
0
0
0
0
0
0
0
0
0
0
0
0
0
0
0
0
0
0
0
0
0
0
0
0
0
0
0
0
0
0
0
0
0
0
0
0
0
0
0
0
0
0
0
0
0
0
0
0
0
0
0
0
0
0
0
0
0
0
0
0
0
0
0
0
0
0
0
0
0
0
0
0
0
0
0
0
0
0
0
0
0
0
0
0
0
0
0
0
0
0
0
0
0
0
0
0
1
0
0
0
0
0
0
0
0
0
0
0
0
0
0
0
0
0
0
0
0
0
0
0
0
0
0
0
0
0
0
0
0
0
0
0
0
0
0
0
0
0
0
0
0
0
0
0
0
0
0
0
0
0
0
0
0
0
0
0
0
0
0
0
0
0
0
0
0
0
0
0
0
0
0
0
0
0
0
0
0
0
0
0
0
0
0
0
0
0
0
0
0
0
0
0
0
0
0
0
0
0
0
0
0
0
0
0
0
0
0
0
0
0
0
0
0
0
0
0
0
0
0
0
0
0
0
0
0
0
0
0
0
0
0
0
0
0
0
0
0
0
0
0
0
0
0
0
0
0
0
0
0
0
0
0
0
0
0
0
0
0
0
0
0
0
0
0
0
0
0
0
0
0
0
0
0
0
0
0
0
0
0
0
0
0
0
0
0
0
0
0
0
0
0
0
0
0
0
0
0
0
0
0
0
0
0
0
0
0
0
0
0
0
0
0
0
0
0
0
0
0
0
0
0
0
0
0
0
0
0
0
0
0
0
0
0
0
0
0
0
0
0
0
0
0
0
0
0
0
0
0
0
0
0
0
0
0
0
0
0
0
0
0
0
0
0
0
0
0
0
0
0
0
0
0
0
0
0
0
0
0
0
0
0
0
0
0
0
0
0
0
0
0
0
0
0
0
0
0
0
0
0
0
0
0
0
0
0
0
0
0
0
0
0
0
0
0
0
0
0
0
0
0
0
0
0
0
0
0
0
0
0
0
0
0
0
0
0
1
0
0
0
0
0
0
0
0
0
0
0
0
0
0
0
0
0
0
0
0
0
0
0
0
0
0
0
0
0
0
0
0
0
0
0
0
0
0
0
0
0
0
0
0
0
0
0
0
0
0
0
0
0
0
0
0
0
0
0
0
0
0
0
0
0
0
0
0
0
0
0
0
0
0
0
0
0
0
0
0
0
0
0
0
0
0
0
0
0
0
0
0
0
0
0
0
0
0
0
0
0
0
0
0
0
0
0
0
0
0
0
0
0
0
0
0
0
0
0
0
0
0
0
0
0
0
0
0
0
0
0
0
0
0
0
0
0
0
1
0
0
0
0
0
0
0
0
0
0
0
0
0
0
0
0
0
0
0
0
0
0
0
0
0
0
0
0
0
0
0
0
0
0
0
0
0
0
0
0
0
0
0
0
0
0
0
0
0
0
0
0
0
0
0
0
0
0
0
0
0
0
0
0
0
0
0
0
0
0
0
0
0
0
0
0
0
0
0
0
0
0
0
0
0
0
0
0
0
0
0
0
0
0
0
0
0
0
0
0
0
0
0
0
0
0
0
0
0
0
0
0
0
0
0
0
0
0
0
0
0
0
0
0
0
0
0
0
0
0
0
0
0
0
0
0
0
0
0
0
0
0
0
0
0
0
0
0
0
0
0
0
0
0
0
0
0
0
0
0
0
0
0
0
0
0
0
0
0
0
0
0
0
0
0
0
0
0
0
0
0
0
0
0
0
0
0
0
0
0
0
0
0
0
0
0
0
0
0
0
0
0
0
0
0
0
0
0
0
0
0
0
0
0
0
0
0
0
0
0
0
0
0
0
0
0
0
0
0
0
0
0
0
0
0
0
0
0
0
0
0
0
0
0
0
0
0
0
0
0
0
0
0
0
0
0
0
0
0
0
0
0
0
0
0
0
0
0
0
0
0
0
0
0
0
0
0
0
0
0
0
0
0
0
0
0
0
0
0
0
0
0
0
0
0
0
0
0
0
0
0
0
0
0
0
0
0
0
0
0
0
0
0
0
0
0
0
0
0
0
0
0
0
0
0
0
0
0
0
0
0
0
0
0
0
0
0
0
0
0
0
0
0
0
0
0
0
0
0
0
0
0
0
0
0
0
0
0
0
0
0
0
0
0
0
0
0
0
0
0
0
0
0
0
0
0
0
0
0
0
0
0
0
0
0
0
0
0
0
0
0
0
0
0
0
0
0
0
0
0
0
0
0
0
0
0
0
0
0
0
0
0
0
0
0
0
0
0
0
0
0
0
0
0
0
0
0
0
0
0
0
0
0
0
0
0
0
0
0
0
0
0
0
0
0
0
0
0
0
0
0
0
0
0
0
0
0
0
0
0
0
0
0
0
0
0
0
0
0
0
0
0
0
0
0
0
0
0
0
0
0
0
0
0
0
0
0
0
0
0
0
0
0
0
0
0
0
0
0
0
0
0
0
0
0
0
0
0
0
0
0
0
0
0
0
0
0
0
0
0
0
0
0
0
0
0
0
0
0
0
0
0
0
0
0
0
0
0
0
0
0
0
0
0
0
0
0
0
0
0
0
0
0
0
0
0
0
0
0
0
0
0
0
0
0
0
0
0
0
0
0
0
0
0
0
0
0
0
0
0
0
0
0
0
0
0
0
0
0
0
0
0
0
0
0
0
0
0
0
0
0
0
0
0
0
0
0
0
0
0
0
0
0
0
0
0
0
0
0
0
0
0
0
0
0
0
0
0
0
0
0
0
0
0
0
0
0
0
0
0
0
0
0
0
0
0
0
0
0
0
0
0
0
0
0
0
0
0
0
0
0
0
0
0
0
0
0
0
0
0
0
0
0
0
0
0
0
0
0
0
0
0
0
0
0
0
0
0
0
0
0
0
0
0
0
0
0
0
0
0
0
0
0
0
0
0
0
0
0
0
0
0
0
0
0
0
0
0
0
0
0
0
0
0
0
0
0
0
0
0
0
0
0
0
0
0
0
0
0
0
0
0
0
0
0
0
0
0
0
0
0
0
0
0
0
0
0
0
0
0
0
0
0
0
0
0
0
0
0
0
0
0
0
0
0
0
0
0
0
0
0
0
0
0
0
0
0
0
0
0
0
0
0
0
0
0
0
0
0
0
0
0
0
0
0
0
0
0
0
0
0
0
0
0
0
0
0
0
0
0
0
0
0
0
0
0
0
0
0
0
0
0
0
0
0
0
0
0
0
0
0
0
0
0
0
0
0
0
0
0
0
0
0
0
0
0
0
0
0
0
0
0
0
0
0
0
0
0
0
0
0
0
0
0
0
0
0
0
0
0
0
0
0
0
0
0
0
0
0
0
0
0
0
0
0
0
0
0
0
0
0
0
0
0
0
0
0
0
0
0
0
0
0
0
0
0
0
0
0
0
0
0
0
0
0
0
0
0
0
0
0
0
0
0
0
0
0
0
0
0
0
0
0
0
0
0
0
0
0
0
0
0
0
0
0
0
0
0
0
0
0
0
0
0
0
0
0
0
0
0
0
0
0
0
0
0
0
0
0
0
0
0
0
0
0
0
0
0
0
0
0
0
0
0
0
0
0
0
0
0
0
0
0
0
0
0
0
0
0
0
0
0
0
0
0
0
0
0
0
0
0
0
0
0
0
0
0
0
0
0
0
0
0
0
0
0
0
0
0
0
0
0
0
0
0
0
0
0
0
0
0
0
0
0
0
0
0
0
0
0
0
0
0
0
1
0
0
0
0
0
0
0
0
0
0
0
0
0
0
0
0
0
0
0
0
0
0
0
0
0
0
0
0
0
0
0
0
0
0
0
0
0
0
0
0
0
0
0
0
0
0
0
0
0
0
0
0
0
0
0
0
0
0
0
0
0
0
0
0
0
0
0
0
0
0
0
0
0
0
0
0
0
0
0
0
0
0
0
0
0
0
0
0
0
0
0
0
0
0
0
0
0
0
0
0
0
0
0
0
0
0
0
0
0
0
0
0
0
0
0
0
0
0
0
0
0
0
0
0
0
0
0
0
0
0
0
0
0
0
0
0
0
0
0
0
0
0
0
0
0
0
0
0
0
0
0
0
0
0
0
0
0
0
0
0
0
0
0
0
0
0
0
0
0
0
0
0
0
0
0
0
0
0
0
0
0
0
0
0
0
0
0
0
0
0
0
0
0
0
0
0
0
0
0
0
0
0
0
0
0
0
0
0
0
0
0
0
0
0
0
0
0
0
0
0
0
0
0
0
0
0
0
0
0
0
0
0
0
0
0
0
0
0
0
0
0
0
0
0
0
0
0
0
0
0
0
0
0
0
0
0
0
0
0
0
0
0
0
0
0
0
0
0
0
0
0
0
0
0
0
0
0
0
0
0
0
0
0
0
0
0
0
0
0
0
0
0
0
0
0
0
0
0
0
0
0
0
0
0
0
0
0
0
0
0
0
0
0
0
0
0
0
0
0
0
0
0
0
0
0
0
0
0
0
0
0
0
0
0
0
0
0
0
0
0
0
0
0
0
0
0
0
0
0
0
0
0
0
0
0
0
0
0
0
0
0
0
0
0
0
0
0
0
0
0
0
0
0
0
0
0
0
0
0
0
0
0
0
0
0
0
0
0
0
0
0
0
0
0
0
0
0
0
0
0
0
0
0
0
0
0
0
0
0
0
0
0
0
0
0
0
0
0
0
0
0
0
0
0
0
0
0
0
0
0
0
0
0
0
0
0
0
0
0
0
0
0
0
0
0
0
0
0
0
0
0
0
0
0
0
0
0
0
0
0
0
0
0
0
0
0
0
0
0
0
0
0
0
0
0
0
0
0
0
0
0
0
0
0
0
0
0
0
0
0
0
0
0
0
0
0
0
0
0
0
0
0
0
0
0
0
0
0
0
0
0
0
0
0
0
0
0
0
0
0
0
0
0
0
0
0
0
0
0
0
0
0
0
0
0
0
0
0
0
0
0
0
0
0
0
0
0
0
0
0
0
0
0
0
0
0
0
0
0
0
0
0
0
0
0
0
0
0
0
0
0
0
0
0
0
0
0
0
0
0
0
0
0
0
0
0
0
0
0
0
0
0
0
0
0
0
0
0
0
0
0
0
0
0
0
0
0
0
0
0
0
0
0
0
0
0
0
0
0
0
0
0
0
0
0
0
0
0
0
0
0
0
0
0
0
0
