0
0
0
0
0
0
0
0
0
0
0
4110
3688
3298
3018
2678
2534
2201
1973
1731
1551
1270
1228
1123
876
837
737
634
501
443
467
357
306
295
254
241
191
149
168
138
117
124
87
76
67
58
58
51
35
45
35
36
29
25
26
18
19
13
6
9
15
10
11
9
5
5
9
10
6
5
8
3
6
7
3
1
1
8
4
3
2
1
1
2
2
1
4
1
2
2
4
4
2
1
3
2
1
0
2
1
0
1
1
1
0
2
1
1
0
0
0
0
0
2
0
1
0
0
1
1
0
0
0
1
0
4
0
0
1
0
2
1
0
0
0
1
1
1
0
0
0
1
0
0
1
0
2
0
2
1
1
1
2
0
1
1
4
1
2
1
2
1
2
3
1
4
2
2
3
3
1
1
0
0
3
1
1
0
4
2
2
3
2
1
2
2
2
1
2
3
1
2
3
2
3
5
2
3
3
2
1
4
1
2
1
3
2
3
1
4
2
1
2
2
3
5
4
2
0
1
3
1
2
3
1
3
5
4
1
2
5
5
3
3
4
6
5
5
2
5
4
1
4
5
3
2
4
5
3
4
5
6
4
6
2
4
6
6
6
5
9
3
10
6
6
9
8
4
6
10
5
11
9
7
8
7
11
8
10
6
10
6
7
5
7
5
9
9
4
5
9
8
7
7
4
7
5
11
3
10
11
2
8
8
9
10
12
6
7
6
8
6
10
10
7
12
6
8
12
12
8
12
8
13
12
6
17
14
17
11
4
14
15
12
17
24
25
17
19
16
17
14
22
26
13
31
34
21
26
38
21
32
32
38
32
35
38
37
33
26
39
35
36
39
29
37
26
32
26
32
26
21
27
25
29
26
33
30
23
21
19
19
16
22
12
15
16
24
14
18
7
13
20
17
17
10
19
16
15
15
13
8
14
17
16
18
22
19
25
20
16
15
13
24
14
19
15
11
20
23
23
21
19
30
22
18
33
20
22
15
28
23
22
22
24
21
31
23
21
37
25
22
28
25
29
30
19
28
23
25
32
23
16
30
26
19
17
34
17
23
22
27
26
24
26
21
22
25
23
24
22
21
21
17
22
17
17
19
17
35
22
33
21
20
20
28
22
17
19
24
27
22
23
27
27
27
33
20
43
26
28
38
30
46
37
24
37
30
30
40
39
40
36
46
45
40
38
38
45
47
50
41
29
38
54
32
47
49
52
50
54
52
51
63
57
58
62
54
62
68
57
60
83
63
77
61
74
74
89
88
89
82
85
84
96
85
90
89
94
103
110
127
120
116
132
128
146
131
147
151
149
148
139
139
122
158
153
142
140
168
147
158
117
161
135
137
148
130
137
109
140
117
88
115
97
102
84
100
89
64
96
75
86
87
62
70
68
72
59
70
64
55
59
45
51
43
49
59
65
60
60
49
55
40
60
52
58
54
59
68
69
64
77
64
61
74
59
79
70
77
81
72
72
78
94
88
91
106
105
118
114
117
133
143
156
147
169
151
162
206
189
217
246
229
252
292
297
350
395
386
405
448
470
486
487
572
595
585
642
676
678
706
764
764
821
891
858
860
902
922
980
975
948
981
957
999
1004
1026
1040
1047
1051
1038
997
1027
1014
1011
1010
1083
941
947
990
917
971
950
921
918
921
875
921
886
852
895
917
839
826
806
754
723
730
720
690
636
622
626
641
577
560
511
504
467
442
414
418
390
358
363
302
292
295
272
275
251
238
235
226
212
199
184
202
180
164
164
162
177
175
152
167
155
191
163
184
159
197
209
170
197
185
197
175
180
186
211
198
176
172
206
179
164
149
180
199
150
148
155
131
151
156
129
136
123
121
121
140
103
110
104
112
98
108
109
108
113
95
96
115
95
94
108
101
85
98
88
103
120
106
108
123
122
158
127
150
163
148
193
192
187
230
223
207
275
268
306
331
351
402
444
471
515
538
555
590
686
759
809
842
855
1004
1045
1057
1139
1152
1348
1289
1419
1465
1528
1653
1591
1728
1728
1771
1767
1807
1864
1916
1956
1983
1880
1907
1867
1927
1857
1838
1730
1768
1686
1716
1580
1498
1400
1425
1304
1340
1264
1188
1074
1052
974
890
826
782
730
726
633
633
573
560
492
466
459
414
390
361
385
334
359
294
307
297
314
279
320
280
263
284
294
306
280
284
315
312
304
300
285
304
327
316
326
335
378
360
343
341
348
347
359
368
367
347
351
397
424
345
371
406
372
354
373
396
383
363
416
369
376
406
455
395
413
404
414
397
444
411
428
454
443
443
428
413
446
430
375
444
443
446
392
409
434
388
412
390
381
356
373
363
346
332
329
352
344
322
287
325
343
258
334
279
266
281
266
265
283
243
251
244
262
240
258
240
289
222
222
260
246
253
239
274
254
259
282
267
278
283
303
291
303
356
323
348
401
403
415
431
472
524
565
608
660
713
776
868
981
1099
1126
1280
1328
1518
1647
1780
1932
2097
2219
2518
2822
3119
3172
3572
3715
4132
4328
4655
5037
5503
5905
6061
6572
6857
7335
7658
7965
8366
8668
8920
9380
9665
9845
10092
10275
10680
10570
10936
10907
10846
11228
10964
11103
10773
10912
10471
10375
10183
9921
9785
9569
9101
8640
8470
7957
7723
7491
6909
6609
6366
6086
5540
5245
4918
4702
4418
3995
3591
3345
3233
2926
2647
2460
2258
1984
1901
1726
1581
1355
1287
1179
1106
961
900
833
769
675
659
574
539
516
483
500
459
468
431
447
449
480
463
474
478
495
566
538
591
565
596
676
669
672
714
837
826
871
971
1008
1007
1085
1111
1186
1203
1263
1303
1369
1334
1400
1530
1496
1514
1594
1578
1628
1650
1692
1672
1686
1592
1605
1566
1613
1519
1531
1525
1502
1427
1365
1337
1319
1248
1287
1179
1106
1064
1037
1003
931
891
805
761
690
702
656
607
592
532
506
450
409
417
353
358
321
306
264
242
216
227
210
210
174
162
141
137
173
120
113
93
108
118
83
99
76
87
82
92
88
75
80
77
84
60
57
70
67
65
59
76
66
63
67
71
81
64
56
45
59
67
75
58
76
60
54
57
65
66
72
57
65
65
56
66
69
77
60
74
59
75
69
78
69
63
51
62
60
66
71
61
65
75
76
64
79
78
79
66
90
94
64
89
70
77
78
80
84
75
94
81
86
74
108
99
119
108
91
91
111
96
103
96
104
119
97
91
91
94
91
92
103
99
96
90
83
104
88
112
88
94
79
82
73
85
82
97
66
73
74
78
77
77
76
75
65
75
55
73
56
73
68
66
73
72
78
75
62
77
69
64
82
58
79
72
69
60
77
62
70
56
73
79
74
59
75
70
59
82
86
56
83
72
83
64
76
86
82
70
73
81
92
85
72
80
71
86
83
87
78
76
66
75
64
76
75
76
85
85
93
84
61
97
82
82
83
88
93
93
75
92
79
93
84
81
90
95
97
83
90
97
81
93
85
96
100
76
94
100
97
95
85
95
96
111
98
103
119
109
103
104
110
104
118
116
116
92
103
108
124
101
120
110
107
91
100
111
100
107
119
115
134
117
127
97
126
122
145
121
144
140
142
126
142
151
124
166
142
172
177
189
175
186
171
197
222
215
226
213
209
214
214
236
264
307
259
318
327
359
351
399
361
346
419
430
458
470
508
491
488
525
641
610
652
672
745
745
740
773
846
912
881
983
1016
1019
1066
1191
1182
1237
1314
1366
1480
1458
1583
1628
1690
1795
1858
1958
2145
2121
2324
2398
2346
2494
2628
2727
2807
3037
3104
3156
3347
3472
3698
3745
3904
4113
4135
4220
4310
4451
4504
4559
4704
4689
4849
4945
4990
5012
5033
4856
4875
5004
4890
5010
4758
4765
4686
4588
4642
4482
4356
4249
4132
3914
3885
3727
3464
3487
3280
3173
2957
2845
2760
2570
2375
2262
2209
2074
1959
1766
1607
1561
1422
1377
1266
1188
1080
977
904
936
806
747
699
633
582
551
485
456
403
418
361
346
322
329
265
246
253
214
202
201
185
191
178
185
168
181
135
148
134
151
160
147
147
156
136
136
153
139
149
129
168
128
177
142
168
164
149
187
167
167
183
202
187
184
181
171
162
191
217
205
229
230
200
232
219
257
235
238
273
266
254
254
296
271
270
335
322
336
344
366
357
382
403
421
394
455
423
455
414
504
458
531
462
499
545
538
566
599
601
615
674
680
685
695
698
681
691
728
760
783
753
749
755
775
775
791
776
795
780
786
800
804
784
774
754
732
728
672
651
671
655
622
575
572
574
558
539
519
515
504
465
488
414
378
348
377
369
361
297
307
257
247
237
224
207
190
189
164
179
185
137
143
141
147
128
117
104
108
104
88
104
99
93
87
70
85
73
68
67
61
72
70
63
67
74
61
67
66
61
63
81
60
46
78
69
53
62
62
71
68
75
75
57
71
79
70
83
80
56
82
84
103
80
95
101
89
106
104
110
110
111
124
151
125
145
139
144
130
153
164
153
163
179
175
178
164
205
188
201
220
228
218
211
251
230
191
227
257
218
234
265
226
253
251
247
259
232
259
229
218
233
249
205
227
183
206
231
194
164
205
207
205
185
173
170
176
178
162
152
155
164
137
140
110
119
136
122
94
112
131
94
80
100
105
91
82
78
84
94
71
77
91
57
85
62
71
75
65
69
76
65
83
64
64
58
62
68
55
70
63
63
70
67
74
64
76
52
69
71
67
63
63
56
59
56
60
62
58
63
63
65
65
60
72
60
52
59
76
67
64
69
67
66
68
56
73
62
54
59
64
60
54
70
63
57
78
68
73
83
61
60
63
55
69
64
68
70
61
77
73
72
76
67
64
59
69
70
77
78
64
70
68
70
67
77
78
48
79
74
64
81
79
78
79
80
63
62
81
84
70
77
84
88
73
82
88
87
76
90
80
91
100
81
91
99
95
95
93
102
96
94
74
103
106
77
95
102
88
93
111
114
106
96
109
109
113
98
115
137
92
112
119
118
97
128
101
104
119
112
128
111
112
118
125
107
124
111
103
116
108
105
123
118
115
99
92
99
101
101
123
120
108
106
103
110
115
108
107
117
106
138
109
140
130
111
128
100
128
121
137
123
104
139
129
129
111
126
121
134
132
152
137
150
122
147
122
146
142
142
134
155
133
143
135
139
164
161
165
191
170
178
164
168
159
174
184
174
198
210
193
202
199
198
219
239
238
237
200
244
241
253
292
277
259
276
280
322
268
299
301
335
304
291
298
314
285
308
323
345
322
313
315
328
334
326
304
296
324
303
282
299
285
282
293
275
317
252
270
249
236
234
225
240
208
227
216
208
194
166
189
193
173
169
155
154
166
141
140
135
137
153
100
113
131
127
121
107
122
127
131
107
102
111
115
108
95
103
127
91
91
83
114
109
83
89
98
105
89
90
105
99
100
92
103
109
90
123
98
108
120
114
113
121
123
117
102
122
99
139
118
126
123
129
121
135
143
162
157
161
176
170
187
226
207
214
240
255
278
287
308
348
373
406
433
471
533
546
570
605
679
747
830
892
966
1032
1091
1170
1256
1354
1444
1491
1761
1848
1930
1982
2179
2326
2430
2616
2879
2924
3142
3267
3492
3589
3904
4076
4275
4394
4613
4771
4837
5138
5247
5512
5669
5880
5874
5938
6183
6236
6475
6460
6632
6537
6816
6781
6663
6873
6845
6928
6752
6736
6661
6743
6564
6272
6478
6129
6151
6075
6055
5706
5692
5535
5358
5139
5151
4879
4644
4452
4242
4064
3918
3694
3726
3471
3229
3072
2993
2701
2643
2385
2387
2180
1995
1859
1755
1680
1613
1418
1301
1223
1132
1101
1029
988
918
815
749
709
710
638
533
570
548
454
428
412
368
364
315
315
276
312
266
244
233
230
214
212
233
192
206
191
201
161
168
174
159
159
152
157
156
139
127
126
132
122
147
133
133
128
126
129
122
110
127
114
108
113
129
108
124
102
108
122
119
124
119
114
117
107
115
112
116
92
93
94
85
105
121
113
103
103
108
93
98
106
99
95
115
132
107
124
120
106
112
110
117
104
118
117
131
120
110
116
120
125
91
108
110
117
111
137
140
133
124
152
133
147
145
160
133
148
154
132
150
178
165
126
145
148
160
128
143
165
162
150
157
141
147
181
149
182
169
172
153
185
214
160
187
176
189
197
176
188
210
188
245
236
238
218
253
265
258
266
280
311
295
319
362
344
388
342
422
397
462
449
467
497
551
567
547
632
656
664
696
751
768
790
826
864
895
931
947
934
990
987
1041
1025
1146
1038
1128
1227
1169
1229
1242
1259
1216
1236
1234
1302
1224
1232
1234
1209
1269
1252
1247
1190
1256
1196
1186
1220
1113
1149
1151
1092
1049
1048
1001
972
944
926
950
935
884
774
811
759
756
726
679
596
618
556
564
556
540
468
495
464
390
432
388
377
390
341
316
350
322
325
293
284
259
279
290
241
259
237
223
257
254
249
278
280
253
255
252
250
243
226
223
266
229
277
276
233
282
247
258
254
261
253
279
276
269
266
251
273
276
268
249
273
245
268
269
216
246
205
238
230
230
211
241
224
210
213
230
208
214
177
192
173
173
169
184
176
146
171
172
148
144
138
161
135
134
136
135
156
133
135
113
107
116
118
110
103
116
102
106
105
129
98
101
99
102
105
87
108
85
114
107
94
86
111
106
88
102
91
92
86
92
95
126
98
99
106
105
105
90
93
118
85
110
91
98
84
110
98
104
100
113
93
94
103
123
119
115
112
113
104
99
101
83
110
108
105
108
85
90
96
94
102
114
109
87
90
104
108
95
127
101
105
102
116
90
103
121
89
110
104
101
103
109
108
110
94
103
107
110
112
109
119
121
85
124
128
103
113
106
120
99
103
107
108
101
107
121
95
92
120
105
110
108
116
102
93
115
100
116
120
117
105
109
112
120
131
83
108
120
117
121
137
142
121
123
125
129
125
127
126
123
120
124
155
131
147
135
145
141
135
153
139
148
151
163
171
173
138
141
167
186
165
194
202
181
174
176
208
203
233
180
184
188
199
213
187
216
199
225
241
194
200
237
209
212
248
211
208
233
216
219
201
200
202
189
205
193
183
151
174
185
179
171
189
187
186
173
182
149
164
165
161
156
156
155
157
153
149
127
136
141
129
118
144
117
155
122
115
146
107
127
116
129
134
128
132
140
124
113
121
122
132
129
120
135
132
133
122
122
113
113
143
149
136
145
139
123
122
153
136
143
170
165
166
158
177
180
203
197
204
213
209
234
233
245
286
278
326
325
300
364
352
382
395
398
445
477
533
512
582
601
622
690
695
738
751
812
892
904
960
995
1039
1112
1179
1278
1300
1391
1439
1534
1615
1668
1758
1720
1915
1932
2149
2182
2212
2358
2416
2506
2619
2825
2798
2963
2946
3018
3212
3154
3460
3396
3441
3625
3719
3782
3817
3818
3963
3973
4008
4028
3980
4075
4093
4273
4213
4305
4285
4271
4222
4119
4164
4038
4147
3989
4193
3937
3950
3837
3744
3736
3698
3564
3555
3545
3318
3391
3141
3109
2985
2908
2875
2665
2714
2552
2419
2282
2173
2160
1964
1960
1874
1821
1760
1684
1558
1490
1398
1298
1286
1131
1136
1066
1044
904
887
813
751
744
678
673
645
578
511
556
475
484
460
416
371
370
347
349
343
324
303
277
285
243
250
267
234
249
223
192
188
215
188
185
203
192
154
140
163
135
131
139
133
130
160
133
136
138
124
144
133
122
129
121
116
147
107
99
123
116
129
108
121
103
109
113
125
109
102
120
96
125
117
112
99
104
108
103
113
116
101
93
97
100
103
119
107
127
99
87
97
95
84
100
113
103
109
112
105
99
99
110
127
117
94
94
84
108
104
107
101
102
108
100
103
103
101
107
98
122
95
97
116
124
102
104
107
121
112
93
104
99
96
109
110
121
112
98
84
123
100
95
119
117
118
106
117
113
114
105
135
134
113
107
144
125
121
150
134
134
133
133
137
131
149
105
140
122
158
130
152
169
140
161
152
162
147
150
158
151
149
166
153
139
148
148
147
159
167
166
154
173
166
189
160
171
149
179
183
149
156
166
150
158
145
127
180
170
143
140
156
140
152
135
165
144
148
143
154
142
151
144
155
155
154
136
132
133
138
136
129
128
139
127
134
134
143
123
143
139
116
92
103
114
116
118
132
126
118
130
119
108
106
108
132
130
121
113
111
137
104
127
111
136
115
129
115
106
106
122
130
103
118
106
117
143
114
135
114
121
120
131
131
111
111
155
148
151
120
134
125
132
130
131
150
149
138
146
147
136
161
156
138
164
151
160
173
151
158
175
172
175
186
186
183
177
203
182
179
169
214
167
193
195
196
217
201
207
188
188
187
217
206
210
204
199
208
192
196
223
229
200
211
182
179
200
181
191
192
209
167
199
200
207
196
197
161
194
197
201
153
212
185
206
190
192
179
211
189
197
186
186
200
194
174
180
163
169
168
154
179
199
167
162
204
169
160
175
180
191
180
184
172
186
163
180
171
182
159
157
160
179
167
205
188
171
190
179
207
189
175
205
191
193
181
202
194
205
184
203
217
200
210
214
201
214
215
232
213
259
214
227
224
250
240
213
206
214
244
263
234
230
255
234
250
243
251
260
260
253
254
257
260
260
284
244
270
246
232
276
265
263
263
271
256
276
249
259
254
256
268
287
280
251
306
279
263
267
255
287
276
274
265
251
277
286
259
280
291
322
311
318
278
339
355
333
361
337
357
343
405
426
383
417
397
481
493
507
498
584
552
614
608
680
703
743
731
811
893
829
916
919
953
1103
1144
1207
1226
1242
1344
1424
1395
1461
1585
1640
1689
1745
1821
1993
1956
2040
2094
2096
2253
2179
2363
2475
2500
2656
2535
2600
2691
2808
2872
2901
2836
2892
2848
3007
3020
3066
3046
3046
3071
3063
3102
3099
3095
3017
3192
3052
3068
3066
2960
2778
2853
2880
2823
2804
2698
2611
2641
2663
2581
2455
2443
2445
2247
2304
2089
2023
2022
1937
1953
1769
1869
1772
1708
1610
1571
1551
1474
1291
1366
1351
1265
1166
1127
1112
1073
1068
999
981
978
899
866
789
734
736
675
657
662
650
641
609
609
544
521
502
506
458
440
433
448
427
386
394
379
381
376
356
338
343
332
301
298
303
313
297
283
307
259
253
253
281
260
240
269
246
285
269
259
232
253
250
231
252
259
256
230
239
255
237
248
279
262
249
224
247
226
248
244
244
237
256
227
210
200
222
224
203
217
204
221
209
215
225
214
188
173
171
190
178
192
204
177
172
175
186
157
140
154
132
169
164
147
151
125
122
140
139
113
121
130
129
123
116
104
109
95
99
102
112
97
105
89
119
95
111
87
83
80
112
100
97
92
83
89
88
72
86
70
70
82
89
76
74
95
78
77
79
73
90
79
77
75
80
78
75
65
82
91
85
78
73
84
79
86
92
86
75
100
76
89
89
94
87
80
82
80
68
73
73
87
62
78
79
63
92
76
71
79
73
70
74
77
75
84
85
86
67
71
81
69
76
62
65
91
65
78
90
73
70
81
86
76
74
65
76
65
55
65
66
68
70
61
66
80
69
66
63
68
71
71
66
72
84
64
73
54
65
60
68
77
74
50
69
58
78
76
63
74
64
70
72
79
77
64
56
67
55
70
73
67
78
71
76
62
61
70
58
81
60
85
66
56
64
65
68
64
70
69
74
65
70
66
87
78
75
74
67
63
65
82
85
97
73
77
78
72
68
81
78
87
73
89
86
83
84
80
71
81
85
73
74
88
82
80
70
65
76
94
77
83
72
73
79
81
95
77
61
86
83
85
83
74
61
81
94
70
81
83
77
81
77
81
81
73
65
79
78
67
73
83
94
73
78
97
74
78
76
66
66
77
59
76
78
81
70
81
99
64
87
74
68
83
70
72
81
81
77
89
101
76
73
96
90
95
82
67
102
105
86
86
101
84
78
107
86
98
92
105
89
98
97
99
99
95
84
95
88
91
97
86
98
120
89
112
99
92
106
84
83
89
88
117
100
112
108
81
106
100
101
86
104
84
98
92
96
87
99
87
89
78
85
100
71
82
80
93
82
102
71
96
99
107
79
70
95
58
68
99
84
78
88
69
98
83
90
76
72
91
85
74
67
76
80
78
81
68
66
82
80
71
70
68
89
67
90
65
74
75
80
83
66
73
89
77
74
88
68
67
65
70
77
76
79
86
75
91
76
73
90
73
76
101
75
72
109
70
84
104
111
102
106
84
97
92
82
105
112
113
110
109
127
113
129
132
121
140
127
151
160
142
154
154
169
172
198
182
169
187
209
194
215
229
228
224
236
241
273
257
252
297
292
282
296
284
299
292
313
350
336
336
327
357
340
350
364
382
370
353
361
362
371
387
385
367
372
412
372
428
394
377
353
401
401
388
384
403
367
370
365
339
355
312
358
314
331
313
309
277
294
312
307
307
286
276
256
237
258
243
217
237
244
212
192
203
197
209
175
184
192
156
181
185
156
146
164
151
144
135
145
138
119
150
110
123
125
130
135
109
136
122
112
117
139
108
109
125
109
88
101
127
113
115
115
134
116
111
95
116
116
116
117
103
133
93
108
124
141
120
128
131
142
130
120
138
129
128
134
131
140
129
133
140
137
160
137
114
132
160
150
146
161
158
137
134
145
133
137
157
134
138
138
155
131
122
138
137
166
124
120
122
127
159
133
136
112
120
120
122
113
127
115
129
117
123
117
104
128
115
100
111
103
106
97
114
102
97
76
111
114
77
91
96
86
94
75
77
82
74
81
77
62
84
55
65
65
68
54
54
55
59
59
72
66
51
64
59
58
59
54
56
56
50
47
62
50
68
43
53
44
39
64
57
54
44
49
51
50
50
47
51
44
51
52
45
42
33
46
59
49
50
46
42
51
50
49
55
57
51
47
67
51
45
45
50
62
64
45
60
38
51
44
58
49
50
58
55
59
66
56
40
72
65
32
68
57
57
50
56
61
49
42
54
56
54
49
53
45
58
66
64
54
50
55
59
52
57
63
61
51
54
58
61
60
43
63
62
77
71
64
65
61
55
61
56
73
54
53
65
67
50
76
53
53
61
57
53
65
66
60
67
51
56
47
59
58
63
47
55
56
51
53
59
55
57
49
43
63
62
54
62
52
58
54
65
38
47
43
54
56
48
52
46
47
45
55
50
54
47
52
48
56
57
53
46
43
43
45
38
53
49
52
41
41
49
52
47
63
48
45
44
47
51
49
51
30
43
46
51
46
64
51
46
54
45
58
37
49
53
49
54
46
41
47
46
53
50
36
46
48
44
49
52
39
36
51
40
39
48
50
44
58
60
44
53
43
48
38
38
53
57
41
36
31
33
35
40
58
43
46
47
49
46
38
48
26
53
48
44
46
45
42
33
49
51
42
35
46
38
36
50
44
46
51
53
53
43
44
54
47
38
34
40
32
31
33
37
48
41
45
42
45
44
38
42
40
43
24
38
36
46
45
57
38
41
41
42
46
43
49
40
32
36
43
32
44
34
44
44
41
38
42
30
30
35
34
39
52
37
36
39
40
42
34
36
35
42
41
47
39
42
38
44
35
41
52
49
44
41
32
40
39
35
33
34
46
36
42
32
40
50
40
37
42
49
43
37
27
41
35
33
47
45
32
44
39
38
44
44
46
54
36
46
35
42
39
44
46
29
45
24
40
26
35
50
42
31
47
45
34
48
30
43
35
47
40
45
40
42
37
40
33
40
52
35
44
45
34
40
41
43
37
36
37
39
43
42
42
55
43
33
32
31
42
40
46
30
42
44
44
32
31
41
43
43
23
41
42
38
35
36
51
36
30
37
54
34
44
37
39
31
31
41
38
30
39
51
44
40
40
34
35
41
49
33
41
34
44
29
37
41
39
30
46
46
33
36
39
34
48
31
49
40
32
52
42
33
30
43
38
44
39
31
33
30
38
32
37
33
30
38
36
38
32
34
33
31
40
30
41
38
36
40
44
52
42
42
29
47
40
39
43
43
31
29
35
34
31
47
37
34
33
33
36
28
32
39
48
29
34
29
36
33
32
33
26
32
31
32
38
33
31
43
43
30
43
41
41
41
36
35
24
45
29
40
41
33
25
42
38
42
45
36
28
35
31
31
32
39
30
41
33
38
46
30
36
35
39
40
39
32
33
35
33
37
30
33
43
34
38
29
31
29
34
41
44
37
41
37
43
31
31
37
39
30
32
36
32
37
31
36
35
27
26
33
34
38
37
34
30
36
35
34
36
29
34
34
37
36
37
29
36
26
32
46
37
43
34
34
29
37
32
22
28
35
30
36
26
33
31
30
33
34
31
47
29
34
28
35
33
33
30
31
34
32
38
39
34
31
36
26
39
31
33
32
33
34
36
32
32
32
27
31
24
26
31
39
25
38
37
45
38
28
27
37
33
40
28
26
29
36
33
28
23
40
32
32
31
27
30
30
30
31
38
42
43
28
29
29
33
39
40
32
41
32
30
31
42
36
36
28
30
33
33
31
25
34
31
28
38
43
31
29
21
37
37
38
33
38
29
22
26
31
29
38
36
31
31
40
28
33
44
35
23
29
24
56
20
27
32
36
40
40
33
37
32
36
33
39
29
33
31
24
30
37
24
23
34
37
40
36
28
36
33
40
45
33
31
24
33
26
23
32
31
42
35
30
34
22
36
28
29
30
32
29
46
20
33
35
39
25
22
24
44
35
29
33
23
35
36
32
26
21
28
30
27
25
24
29
41
27
26
31
33
29
27
24
32
28
38
34
30
34
37
33
38
36
30
26
29
30
23
35
28
26
27
27
28
35
19
29
32
25
30
43
28
24
24
34
43
23
39
37
22
41
31
25
25
35
28
30
36
28
33
30
36
42
26
35
32
39
21
28
29
35
32
26
34
31
25
31
34
34
33
42
30
26
31
24
35
34
24
22
25
34
33
30
27
29
23
38
37
46
28
17
29
26
35
35
28
33
32
31
25
32
18
34
22
24
35
38
22
25
32
31
29
32
26
34
27
25
39
34
22
30
21
23
26
38
18
31
25
29
26
30
37
29
25
29
39
31
35
24
26
28
25
35
24
28
30
23
18
22
41
24
18
25
21
24
23
27
27
30
27
28
21
22
25
26
33
32
34
28
20
15
27
29
31
26
32
30
23
32
26
30
31
21
28
29
24
22
31
27
28
31
28
23
21
25
30
33
21
25
35
39
26
27
25
32
32
24
27
26
24
25
21
26
28
18
33
31
24
39
20
26
24
24
19
32
32
29
27
31
15
19
17
36
46
26
25
26
19
26
27
25
22
19
28
22
27
22
30
25
24
28
28
24
27
25
32
23
22
27
25
31
28
37
21
27
23
26
22
22
35
35
36
21
22
28
29
19
20
25
17
15
24
26
18
28
22
28
26
18
22
28
24
25
24
27
30
35
22
25
27
13
27
23
24
25
28
23
24
18
27
26
25
23
29
22
23
32
31
18
27
21
32
22
25
22
20
28
23
28
36
18
18
18
25
21
22
28
26
28
13
19
25
27
27
22
16
23
36
26
26
23
29
25
20
28
21
22
36
21
21
27
20
23
22
21
28
26
18
16
23
23
22
25
28
25
18
24
24
26
20
21
20
26
24
27
22
20
25
22
18
21
24
22
23
21
28
37
17
25
23
38
16
16
31
21
21
23
36
25
21
23
23
18
23
31
21
24
23
23
30
25
19
26
34
20
25
18
17
36
22
16
22
24
26
21
19
18
18
26
22
26
19
20
29
11
25
22
34
23
13
23
25
25
26
28
33
19
23
16
27
24
21
27
22
25
22
25
33
22
23
24
24
18
22
21
19
17
12
18
36
29
17
32
30
28
20
23
23
31
27
30
23
24
25
19
25
24
20
20
28
29
20
22
14
24
23
23
22
16
23
29
16
31
23
23
23
26
29
23
24
18
26
17
15
24
16
26
26
26
14
29
18
36
19
20
11
17
32
23
23
21
21
22
29
22
19
19
29
19
23
19
22
24
19
20
20
17
30
28
16
15
21
20
23
23
16
17
20
17
14
18
20
21
25
35
32
29
28
22
22
25
31
21
19
17
17
21
25
23
23
24
23
23
17
20
23
23
17
19
24
18
16
13
17
19
33
17
23
16
24
26
16
24
17
27
22
17
20
24
12
12
17
23
15
14
18
24
22
20
22
18
17
19
14
24
15
27
20
19
22
16
24
27
22
25
25
24
20
23
25
14
20
20
18
19
20
22
21
18
29
21
20
22
18
19
24
23
24
18
14
21
22
27
32
24
17
18
21
27
22
19
15
21
23
21
11
30
17
24
27
14
24
22
16
24
13
31
24
18
20
16
20
21
21
14
24
18
20
23
20
20
22
16
15
19
15
17
15
15
24
21
22
26
17
18
21
31
16
24
17
16
13
18
25
12
18
20
18
13
21
16
17
19
26
14
19
24
17
23
24
19
22
22
12
19
13
18
23
18
16
24
21
26
11
27
19
23
14
21
13
21
19
19
21
18
21
13
21
30
21
25
14
18
16
21
21
21
16
14
17
21
13
18
18
10
14
12
18
19
18
27
17
16
15
21
22
18
14
16
14
17
20
26
15
17
15
28
19
19
18
16
17
21
22
25
13
15
25
21
22
15
19
14
22
17
22
13
30
21
11
17
15
15
18
17
18
29
17
30
14
22
23
20
23
21
22
14
22
17
20
17
21
14
20
26
17
21
16
12
12
20
21
20
20
12
8
14
13
17
18
21
13
18
19
19
18
16
15
14
18
16
18
21
20
16
21
21
16
18
16
22
14
14
18
13
15
20
19
18
21
10
17
17
26
14
15
12
9
18
17
18
20
16
15
13
18
12
22
18
23
18
14
17
13
16
21
14
21
13
19
15
15
26
20
13
22
14
10
17
13
10
19
18
20
22
23
17
15
20
16
11
10
18
9
26
13
9
10
18
15
18
15
18
20
20
12
23
17
17
18
19
16
18
18
14
13
14
12
18
13
5
19
19
14
15
15
14
10
18
12
12
17
15
18
21
17
12
15
12
12
15
19
12
13
15
14
17
18
15
9
15
18
21
12
19
19
6
15
12
15
16
14
14
24
13
16
8
11
13
16
8
15
20
12
11
14
13
16
13
11
19
22
16
23
17
17
18
18
9
13
15
12
27
22
19
12
9
13
12
12
13
21
25
21
16
16
15
19
11
17
16
19
11
15
18
20
9
16
15
17
18
20
18
17
8
11
12
18
14
21
17
13
13
19
25
16
10
11
8
15
15
21
14
15
18
17
14
14
11
13
14
19
20
11
22
10
20
7
16
8
9
12
8
8
17
10
17
12
18
18
18
13
15
16
12
11
16
11
18
9
14
13
13
16
11
13
11
16
11
14
10
13
11
12
13
8
17
23
12
17
14
22
14
21
15
18
15
20
12
15
12
14
15
18
9
10
8
13
9
17
15
16
12
14
9
6
16
12
17
23
8
11
20
9
16
14
7
12
12
14
14
23
19
15
14
10
16
10
23
11
9
13
17
5
15
10
11
11
10
15
12
14
10
15
10
19
7
16
14
16
11
15
10
17
14
11
8
13
11
18
16
13
16
12
16
12
8
9
16
11
13
17
7
10
7
12
13
18
15
9
9
12
15
11
11
14
13
12
20
16
6
12
14
14
11
18
13
20
16
6
11
15
13
14
15
16
14
13
12
12
18
7
10
11
10
11
9
15
18
17
17
8
15
14
12
14
12
17
11
7
13
16
10
12
7
14
10
11
10
13
24
13
8
11
11
12
13
14
13
13
16
8
7
9
7
13
12
8
11
8
14
10
15
13
12
23
8
11
12
8
16
11
5
8
9
13
13
18
5
10
15
11
14
5
6
12
14
8
16
17
10
8
5
11
10
22
14
9
13
18
15
12
11
11
6
12
18
9
10
9
14
10
10
13
12
11
11
15
13
13
11
13
11
16
12
10
15
10
11
11
17
12
13
9
15
16
12
15
9
9
11
12
8
6
16
9
14
10
6
9
9
16
19
5
12
8
7
18
14
10
8
9
12
14
19
8
14
7
14
8
11
12
18
11
14
13
10
13
8
9
18
11
16
8
9
11
10
15
12
12
12
14
12
11
9
17
16
9
10
7
15
16
9
9
6
11
11
9
14
7
12
11
16
9
7
9
11
14
10
8
4
11
8
10
6
13
13
9
10
6
10
8
9
9
16
9
9
13
13
12
7
18
11
8
9
8
6
3
16
10
13
11
5
5
6
8
5
5
6
5
6
10
10
12
13
10
10
11
12
7
11
5
10
12
9
14
4
8
8
11
11
10
10
10
12
8
7
14
4
13
9
7
8
10
6
6
8
7
7
7
11
7
14
7
14
6
11
16
0
12
12
7
6
6
9
11
12
6
12
8
10
6
7
8
14
8
11
17
7
10
5
10
4
15
7
7
4
8
1
15
10
15
10
3
7
10
14
7
4
8
8
12
3
9
7
6
7
11
9
6
7
11
8
8
13
9
4
6
5
6
9
12
8
8
7
10
10
9
6
3
7
11
9
12
6
11
14
10
6
8
11
12
11
2
5
6
7
5
6
17
14
11
11
7
8
9
8
5
10
10
8
8
12
7
9
3
7
10
8
5
6
10
13
10
7
12
8
8
7
11
6
10
7
13
10
6
10
7
9
5
12
10
7
13
6
6
5
9
11
3
11
13
3
7
7
11
14
11
9
12
9
12
3
5
6
8
6
10
7
10
8
2
6
4
6
6
3
6
7
8
7
11
6
7
5
6
11
9
8
8
10
9
10
12
4
10
9
11
10
7
3
8
5
12
6
10
6
4
7
5
6
9
7
5
8
5
6
3
8
13
9
3
7
6
7
10
9
8
3
7
4
5
5
4
5
5
6
5
7
9
9
4
7
10
8
5
8
11
7
9
10
3
8
8
3
7
8
7
15
5
9
7
7
7
6
12
1
3
5
9
4
12
4
3
9
11
3
9
5
9
6
6
4
11
4
7
10
7
9
7
7
4
7
8
6
3
7
9
9
4
6
8
10
5
8
8
8
5
3
3
6
11
6
6
5
8
6
8
6
5
5
4
7
7
4
4
11
8
8
8
5
2
4
6
8
9
5
3
2
4
4
6
9
6
7
5
11
7
1
11
8
9
8
8
5
6
9
6
6
7
5
5
5
5
7
10
7
5
8
4
6
5
5
4
5
3
6
4
4
6
3
5
10
6
5
6
11
6
7
6
8
7
9
5
3
2
5
3
7
6
6
6
7
6
3
7
5
7
5
5
6
5
7
5
6
5
5
5
5
4
6
2
8
2
9
6
9
7
3
2
5
6
9
6
7
4
7
7
10
2
7
5
7
3
7
3
8
8
6
6
4
5
0
9
4
3
3
5
5
1
2
8
5
9
6
6
4
8
3
8
4
8
9
6
3
4
7
3
7
9
3
6
10
6
2
10
4
9
4
4
8
7
5
6
6
9
3
9
5
8
7
6
3
2
3
5
2
7
4
3
3
5
5
3
4
3
6
5
8
6
4
2
5
4
7
7
5
6
6
3
2
5
5
3
1
6
5
6
4
3
4
5
3
2
3
4
7
3
2
3
6
3
5
7
4
7
3
5
6
8
5
7
2
8
5
11
3
1
6
9
10
5
4
4
6
2
4
0
2
4
4
5
6
1
7
3
5
3
5
6
2
1
5
5
3
2
4
7
3
4
3
1
1
2
5
4
0
4
1
3
3
5
3
7
2
5
0
5
1
5
3
3
3
1
3
5
4
1
9
2
2
4
9
6
4
1
2
4
4
4
7
3
0
1
3
2
4
5
5
1
5
5
5
3
3
3
3
7
1
3
9
2
8
0
5
3
2
5
3
4
1
3
2
2
1
4
6
6
4
2
5
2
1
4
5
3
4
4
0
2
4
3
7
3
0
3
3
1
3
3
2
1
5
4
2
4
1
3
4
3
1
4
2
5
3
3
1
2
7
1
2
2
6
2
1
4
4
8
0
3
3
3
2
1
4
3
4
2
3
2
1
1
4
7
2
0
3
3
6
2
4
3
2
1
3
3
5
4
3
2
2
3
2
4
2
4
4
1
2
1
2
3
3
4
4
3
4
1
2
2
3
2
4
3
6
5
2
4
5
2
1
1
3
2
2
4
2
2
2
2
0
4
3
3
3
1
3
3
1
1
2
1
1
2
4
2
0
2
3
4
2
1
0
2
3
1
3
1
3
3
5
2
3
3
2
3
0
0
1
3
1
2
3
1
2
1
2
2
2
3
2
0
1
2
2
2
4
2
5
4
3
2
1
2
8
2
1
1
1
4
3
0
2
6
1
0
1
1
1
1
1
1
2
4
2
3
1
2
0
3
3
1
1
1
3
0
0
2
1
2
2
0
2
2
1
1
1
1
1
0
1
1
2
2
1
1
1
1
3
1
1
1
0
2
0
0
2
3
3
2
0
1
1
4
2
1
1
0
3
2
3
3
3
2
1
3
3
2
2
2
0
1
2
4
0
1
3
1
1
2
0
4
3
0
1
0
4
1
1
2
1
1
0
1
1
2
1
3
1
2
3
1
5
4
2
0
3
0
1
1
0
0
4
1
2
2
0
1
0
0
0
1
2
1
0
0
2
1
1
1
1
0
0
1
1
2
1
0
2
0
0
0
2
0
0
0
0
1
0
2
2
1
1
1
2
0
0
1
0
0
4
1
3
1
0
0
3
2
2
1
1
3
1
0
0
0
2
1
1
1
2
1
4
0
0
2
1
0
2
0
0
3
3
2
2
0
1
0
0
0
0
2
0
0
1
0
0
2
0
1
0
0
2
0
2
3
0
1
2
1
1
0
6
1
1
1
2
1
0
0
2
1
2
1
2
0
0
1
1
1
1
0
1
0
4
0
0
0
2
1
1
2
1
3
0
2
1
0
1
0
0
0
0
0
0
0
1
0
0
2
0
1
2
1
0
0
0
1
0
0
1
0
1
2
2
1
2
0
4
1
0
2
1
1
1
3
1
0
1
0
2
2
0
0
0
2
0
2
0
1
0
0
1
1
2
1
1
4
0
0
1
1
1
1
3
0
0
0
1
1
1
0
0
1
1
2
0
0
2
1
0
0
1
0
0
3
0
1
0
1
2
1
1
0
1
2
1
0
0
1
0
0
0
0
0
1
2
1
2
0
0
1
0
2
0
0
1
0
0
1
0
1
1
0
1
4
2
1
0
0
2
1
2
0
1
0
0
0
1
0
0
0
1
0
1
0
1
0
0
0
1
2
0
1
0
3
0
0
0
1
1
0
2
0
0
0
0
0
0
0
1
0
1
0
1
0
0
1
0
0
0
1
0
0
0
0
1
0
0
2
0
0
0
1
1
2
0
0
0
1
1
0
0
1
0
1
0
0
0
0
0
0
0
2
1
3
1
0
1
1
1
1
0
1
0
0
1
0
2
0
0
1
0
0
0
0
0
1
0
0
1
0
1
1
0
0
3
0
1
1
0
0
2
0
0
1
0
0
1
1
1
1
1
0
0
0
1
0
0
0
0
0
1
0
0
1
0
0
0
0
1
0
1
0
0
1
1
0
0
2
1
0
0
1
0
0
2
1
0
0
0
2
1
0
0
1
0
0
0
1
0
0
0
0
0
0
0
2
1
1
2
0
0
0
0
1
1
0
3
0
0
0
0
0
0
0
0
0
0
0
1
0
1
0
1
0
0
0
1
1
0
0
0
0
0
0
1
0
0
0
0
0
0
0
0
0
0
1
0
1
0
0
2
0
1
0
0
0
1
0
0
1
0
0
0
0
0
1
2
1
0
0
0
0
0
0
0
2
0
0
1
0
0
0
0
0
0
1
0
0
1
0
0
0
0
0
0
0
0
0
0
0
0
0
0
0
0
0
0
0
0
0
1
1
0
0
0
0
0
0
0
0
1
0
0
0
0
0
0
0
0
0
0
0
0
0
0
1
0
2
0
0
0
0
0
0
0
0
0
1
0
0
0
0
1
0
0
0
0
0
0
0
0
0
0
0
0
0
1
0
0
0
0
0
0
1
1
0
0
0
0
0
1
0
1
0
0
0
0
0
0
0
1
0
0
1
0
0
0
1
0
0
0
0
0
0
0
0
0
0
0
1
0
0
0
0
0
0
0
0
0
0
0
0
0
1
0
0
0
0
0
0
0
0
0
0
0
1
0
0
0
0
0
0
0
0
1
0
0
1
0
0
1
0
0
0
1
1
0
0
2
1
0
1
0
0
0
0
0
0
0
0
0
0
0
0
0
0
0
0
0
1
0
0
0
0
0
0
0
0
0
0
0
0
0
0
0
1
0
0
0
0
0
1
1
0
0
0
0
0
1
0
0
0
0
0
0
0
0
0
0
0
0
0
0
1
0
0
0
0
0
0
0
0
0
0
0
0
0
0
0
0
0
0
1
2
0
0
0
0
0
1
0
0
0
0
0
0
0
0
0
0
0
0
1
0
0
0
0
0
0
0
1
0
0
0
0
0
0
1
0
0
0
0
0
0
0
0
0
0
0
0
0
0
0
1
0
0
0
0
0
0
0
0
0
0
0
0
0
0
0
0
0
0
0
0
0
0
0
0
0
0
0
0
0
0
0
0
0
0
0
0
0
0
0
0
1
0
0
0
0
0
0
1
0
0
0
0
0
0
0
0
0
0
0
0
0
0
0
0
0
0
0
0
0
0
0
1
0
0
0
0
1
0
0
0
0
1
0
0
0
0
1
0
0
1
0
0
0
0
0
0
0
0
0
1
0
0
0
0
0
0
0
0
0
0
0
1
0
0
0
0
0
0
0
0
0
0
0
0
0
0
0
0
0
0
0
0
0
0
0
0
0
0
0
0
0
0
0
0
0
0
0
0
0
0
0
0
0
0
0
0
0
1
0
0
0
0
0
0
0
0
0
0
0
0
0
1
0
1
0
0
0
0
0
0
0
0
0
0
0
0
0
0
0
0
0
0
0
0
0
0
0
1
0
0
0
0
1
0
1
0
0
0
0
1
0
1
1
0
0
0
0
0
0
0
0
0
0
0
0
0
0
0
0
0
0
0
0
0
0
0
0
1
0
0
0
0
0
0
0
0
0
0
0
0
0
0
0
1
0
0
0
0
0
0
0
0
0
0
0
0
0
0
0
0
0
0
0
0
0
0
0
0
0
0
0
0
0
0
0
0
0
0
0
0
0
0
0
0
0
0
0
0
1
0
1
0
0
0
0
0
0
0
0
0
0
0
0
0
0
0
0
0
0
0
0
0
0
0
0
0
0
0
0
0
0
0
0
0
0
0
0
0
0
0
0
0
0
0
0
0
0
0
0
0
0
0
0
0
0
0
0
0
0
0
0
0
0
0
0
0
0
0
0
0
0
0
0
0
0
0
0
0
0
0
0
0
0
0
0
0
0
0
0
0
0
0
0
0
0
0
0
0
0
0
0
0
0
0
0
0
0
0
0
0
0
0
0
0
0
0
0
0
0
0
0
0
0
0
1
0
0
0
0
1
0
0
0
0
0
0
0
0
0
0
0
0
0
0
0
0
0
0
1
0
0
0
1
0
0
0
0
0
0
0
0
0
0
0
0
0
0
0
0
0
0
0
0
0
0
0
0
0
0
0
2
0
0
0
0
0
0
0
0
0
0
0
0
0
0
0
0
0
0
0
0
0
0
0
0
0
0
0
0
0
0
0
0
0
0
0
0
0
0
0
0
0
0
0
0
0
0
0
0
0
0
0
0
0
0
0
1
0
0
0
0
0
0
0
0
1
0
0
0
0
0
0
0
0
0
0
0
0
0
0
0
0
0
0
0
0
0
0
0
0
0
0
0
0
0
0
2
0
0
0
0
0
0
0
1
0
0
0
0
0
0
0
0
0
0
0
0
0
0
0
0
0
0
0
0
0
0
0
0
0
0
0
0
0
0
0
0
0
0
0
0
0
0
0
0
0
0
0
0
0
0
0
0
0
0
0
0
0
0
0
0
0
0
0
0
0
0
0
0
0
0
0
0
0
0
0
0
0
0
0
0
0
0
0
0
0
0
0
0
0
0
0
0
0
0
0
0
1
0
0
0
0
0
0
0
0
0
0
0
0
0
0
0
0
0
0
0
0
0
0
0
0
0
0
0
0
0
0
0
0
0
0
0
0
0
0
0
0
0
0
0
0
0
0
0
0
0
0
0
0
0
0
0
0
0
0
0
0
0
0
0
0
0
0
0
0
0
0
0
0
0
0
0
0
0
0
0
0
0
0
0
1
0
0
0
0
0
0
0
1
0
0
0
0
0
0
0
0
0
1
0
0
0
0
0
0
0
0
0
0
0
0
0
0
0
0
0
0
0
0
0
0
0
0
0
0
0
0
0
0
0
0
0
0
0
0
0
0
0
0
0
0
0
0
0
0
1
0
0
0
0
0
0
0
0
0
0
0
0
0
0
0
0
0
0
0
1
0
0
0
0
0
0
0
2
0
0
0
0
0
0
0
0
0
0
0
0
0
0
0
0
0
0
0
0
0
0
0
0
0
0
0
0
0
0
0
0
0
0
0
0
0
0
0
0
0
0
0
1
0
0
0
0
0
0
0
0
0
0
0
0
0
0
0
0
0
0
0
0
1
0
1
0
0
0
0
0
0
0
0
0
0
0
0
1
0
0
0
0
0
0
0
0
0
0
0
0
0
0
0
0
0
0
0
0
0
0
0
0
0
0
0
0
0
0
0
0
0
0
0
0
0
0
0
0
0
0
0
1
0
0
0
0
0
0
0
0
0
0
0
0
0
0
0
0
0
0
0
0
0
0
0
0
0
0
0
0
0
0
0
0
0
0
0
0
0
0
0
0
0
0
1
0
0
0
0
0
0
0
0
0
1
0
0
0
0
0
0
0
0
0
0
0
0
0
0
0
0
1
1
0
0
0
0
0
0
0
0
0
0
0
0
0
0
0
0
0
0
0
0
0
0
0
0
0
0
0
0
0
0
0
0
0
0
1
0
0
0
0
0
0
0
0
0
0
0
0
0
0
0
0
0
0
0
0
0
0
0
0
0
0
0
0
0
0
0
0
0
0
0
0
0
0
0
0
0
0
0
0
0
0
0
0
0
0
0
0
0
0
0
0
0
0
0
0
0
2
0
0
0
0
0
0
0
0
0
0
0
0
0
0
0
0
0
0
0
0
0
0
1
0
0
0
0
0
0
0
0
0
0
0
0
0
0
0
0
0
0
0
0
0
0
0
0
0
0
0
0
0
0
0
0
0
0
0
0
0
0
0
0
0
0
0
0
0
0
0
0
0
0
0
0
0
0
0
0
0
0
0
0
0
0
0
0
0
0
0
0
0
0
0
0
0
0
0
0
0
0
0
0
0
0
0
0
0
0
0
0
0
0
0
0
0
0
0
0
0
0
0
0
0
0
0
0
0
0
0
0
0
0
0
0
1
0
0
0
0
0
0
0
0
0
0
0
0
0
0
0
0
0
0
1
0
0
0
1
0
0
0
0
0
0
0
0
0
0
0
0
0
0
0
0
0
0
0
0
0
0
0
0
0
0
1
0
0
0
0
0
0
0
0
0
0
0
0
0
0
0
0
0
0
0
0
0
0
0
0
0
0
0
0
0
0
0
0
0
1
0
0
0
0
0
0
0
0
0
0
0
0
0
0
0
0
0
0
0
0
0
0
0
0
0
0
0
1
0
0
0
0
0
0
0
0
0
0
0
0
0
0
0
0
1
0
0
0
0
0
0
0
0
0
0
0
0
0
1
0
0
0
0
0
0
0
0
0
0
0
0
0
0
0
0
0
0
0
0
0
0
0
0
0
0
0
0
0
0
1
0
0
0
0
0
0
0
0
0
0
0
0
1
0
0
0
0
0
0
0
0
0
0
0
0
0
0
0
0
0
0
0
0
0
0
0
0
0
0
0
0
0
0
0
0
0
0
1
0
0
0
0
0
0
0
0
0
0
0
0
0
0
1
0
0
0
0
0
0
0
0
0
0
0
0
0
0
0
0
0
0
0
0
0
0
0
0
0
0
0
0
0
0
0
0
0
0
0
0
0
0
0
0
0
0
0
0
0
0
0
0
0
0
0
0
0
0
0
0
0
0
0
0
0
0
0
0
0
0
0
0
0
0
0
0
0
0
0
0
0
0
0
0
0
0
0
0
0
0
0
0
0
0
0
0
0
0
0
0
0
0
0
0
0
0
0
0
0
0
0
0
0
0
0
0
0
0
0
0
0
0
0
0
0
0
0
0
0
0
0
0
0
0
0
0
0
0
0
0
0
0
0
0
0
0
0
0
0
0
0
0
0
0
0
0
0
0
0
0
0
0
0
0
0
0
0
0
0
0
0
0
0
0
0
0
0
0
0
0
0
0
0
0
0
0
0
0
0
0
0
0
0
0
0
0
0
0
0
0
0
0
0
0
0
0
0
0
0
0
0
0
0
0
0
0
0
0
0
0
0
0
0
1
0
0
0
0
0
0
0
0
0
0
0
0
0
0
0
0
0
0
0
0
0
0
0
0
0
0
0
0
0
0
0
0
0
0
0
0
0
0
0
0
0
0
0
0
0
0
0
0
0
0
0
0
0
0
0
0
0
0
0
0
0
0
0
0
0
0
0
0
0
0
0
0
0
0
0
0
0
0
0
0
0
0
0
0
0
0
0
0
0
0
0
0
0
0
0
1
0
0
0
0
0
0
0
0
0
0
0
0
0
0
0
0
0
0
0
0
0
0
0
0
0
0
0
0
0
0
0
0
0
0
0
0
0
0
0
0
0
0
0
0
0
0
0
0
0
0
0
0
0
0
0
0
0
0
0
0
0
0
0
0
0
0
0
0
0
0
0
0
0
0
0
0
0
0
0
0
0
0
0
0
0
0
0
0
0
0
0
0
0
0
0
0
0
0
0
0
0
0
0
0
0
0
0
0
0
0
0
0
0
0
0
0
0
0
0
0
0
0
0
0
0
0
0
0
0
0
0
0
0
0
0
0
0
0
0
0
0
0
0
0
0
0
0
0
0
0
0
0
0
0
0
0
0
0
0
0
0
0
0
0
0
0
0
0
1
0
0
0
0
0
0
0
0
0
0
0
0
0
0
0
0
0
1
0
0
0
0
0
0
0
0
0
0
0
0
0
0
0
0
0
0
0
0
0
0
0
0
0
0
0
0
0
0
0
0
0
0
0
0
0
0
0
0
0
0
0
0
0
0
0
0
0
0
0
0
0
0
0
0
0
0
0
0
0
0
0
0
0
0
0
0
0
0
0
0
0
0
0
0
0
0
0
0
0
0
0
0
0
0
0
0
0
0
0
0
0
0
0
0
0
0
0
0
0
0
0
0
0
0
0
0
0
0
0
0
0
0
0
0
0
0
0
0
0
0
0
0
0
0
0
0
0
0
0
0
0
0
0
0
0
0
0
0
0
0
0
0
0
0
0
0
0
0
0
0
1
0
0
0
0
0
0
0
0
0
0
0
0
0
0
0
0
0
0
0
0
0
0
0
0
0
0
0
0
0
0
0
0
0
0
0
0
0
0
0
0
0
0
0
0
0
0
0
0
0
0
0
0
0
0
0
0
0
0
0
0
0
0
0
0
0
0
0
0
0
0
0
0
0
0
0
0
0
0
0
0
0
0
0
0
0
0
0
0
0
0
0
0
0
0
0
0
0
0
0
0
0
0
0
0
0
0
0
0
0
0
0
0
0
0
0
0
0
0
0
0
0
0
0
0
0
0
0
0
0
0
0
0
0
0
0
0
0
0
0
0
0
0
0
0
0
0
0
0
0
0
0
0
0
0
1
0
0
0
0
1
0
0
0
0
0
0
0
0
0
0
0
0
0
0
0
0
0
0
0
0
0
0
0
0
0
0
0
0
0
0
0
0
0
0
0
0
0
0
0
0
0
0
0
0
0
0
0
0
0
0
0
0
0
0
0
0
0
0
0
0
0
0
0
0
0
0
0
0
0
0
0
0
0
0
0
0
0
0
0
0
0
0
0
0
0
0
0
0
0
0
0
0
0
0
0
0
0
0
0
0
0
0
0
0
0
0
0
0
0
0
0
0
0
0
0
0
0
0
0
0
0
0
0
0
0
0
0
0
0
0
0
0
0
0
0
0
0
0
0
0
0
0
0
0
0
0
0
0
0
0
0
0
0
0
0
0
0
0
0
0
0
0
0
0
0
0
0
0
0
0
0
0
0
0
0
0
0
0
0
0
0
0
0
0
0
0
0
0
0
0
0
0
0
0
0
0
0
0
0
0
0
0
0
0
0
0
0
0
0
0
0
0
0
0
0
0
0
0
0
0
0
0
0
0
0
1
0
0
0
0
0
0
0
0
0
0
0
0
0
0
0
0
0
0
0
0
0
0
0
0
0
0
0
0
0
0
0
0
0
0
0
0
0
0
0
0
0
0
0
0
0
0
0
0
0
0
0
0
0
0
0
0
0
0
0
0
0
0
0
0
0
0
0
0
0
0
0
0
0
0
0
0
0
0
0
0
0
0
0
0
0
0
0
0
0
0
0
0
0
0
0
0
0
0
0
0
0
0
0
0
0
0
0
0
0
0
0
0
0
0
0
0
0
0
0
0
0
0
0
0
0
0
0
0
0
0
0
0
0
0
0
0
0
0
0
0
0
0
0
0
0
0
0
0
0
0
0
0
0
0
0
0
0
0
0
0
0
0
0
0
0
0
0
0
0
0
0
0
0
0
0
0
0
0
0
0
0
0
0
0
0
0
0
0
0
0
0
0
0
0
0
0
0
0
0
0
0
0
0
0
0
0
0
0
0
0
0
0
0
0
0
0
0
0
0
0
0
0
0
0
0
0
0
0
0
0
0
0
0
0
0
0
0
0
0
0
0
0
0
0
0
0
0
0
0
0
0
0
0
0
0
0
0
0
0
0
0
0
0
0
0
0
0
0
0
0
0
0
0
0
0
0
0
0
0
0
0
0
0
0
0
0
0
0
0
0
0
0
0
0
0
0
0
0
0
0
0
0
0
0
0
0
0
0
0
0
0
0
0
0
0
0
0
0
0
0
0
0
0
0
0
0
0
0
0
0
0
0
0
0
0
0
0
0
0
0
0
0
0
0
0
0
0
1
0
0
0
0
0
0
0
0
0
0
0
0
0
0
1
0
0
0
0
0
0
0
0
0
0
0
0
0
0
0
0
0
0
0
0
0
0
0
0
0
0
0
0
0
0
0
0
0
0
0
0
0
0
0
0
0
0
0
0
0
0
0
0
0
0
0
0
0
0
0
0
0
0
0
0
0
0
0
0
0
0
0
0
0
0
0
0
0
0
0
0
0
0
0
0
0
0
0
0
0
0
0
0
0
0
0
0
0
0
0
0
0
0
0
0
0
0
0
0
0
0
0
0
0
0
0
0
0
0
0
0
0
0
0
0
0
0
0
0
0
0
0
0
0
0
0
0
0
0
0
0
0
0
0
0
0
0
0
0
0
0
0
0
0
0
0
0
0
0
0
0
0
0
0
0
0
0
0
0
0
0
0
0
0
0
0
0
0
0
0
0
0
0
0
0
0
0
0
0
0
0
0
0
0
0
0
0
0
0
0
0
0
0
0
0
0
0
0
0
0
0
0
0
0
0
0
0
0
0
0
0
0
0
0
0
0
0
0
0
0
0
0
0
0
0
0
0
0
0
0
0
0
0
0
0
0
0
0
0
0
0
0
0
0
0
0
0
0
0
0
0
0
0
0
0
0
0
0
0
0
0
0
0
0
0
0
0
0
0
0
0
0
0
0
0
0
0
0
0
0
0
0
0
0
0
0
0
0
0
0
0
0
0
0
0
0
0
0
0
0
0
0
0
0
0
0
0
0
0
0
0
0
0
0
0
0
0
0
0
0
0
0
0
0
0
0
0
0
0
0
0
0
0
0
0
0
0
0
0
0
0
0
0
0
0
0
0
0
0
0
0
0
0
0
0
0
0
0
0
0
0
0
0
0
0
0
0
0
0
0
0
0
0
0
0
0
0
0
0
0
0
0
0
0
0
0
0
0
0
0
0
0
0
0
0
0
0
0
0
0
0
0
1
0
0
0
0
0
0
0
0
0
0
0
0
0
0
0
0
0
0
0
0
0
0
0
0
0
0
0
0
0
0
0
0
0
0
0
0
0
0
0
0
0
0
0
0
0
0
0
0
0
0
0
0
0
0
0
0
0
0
0
0
0
0
0
0
0
0
0
0
0
0
0
0
0
0
0
0
0
0
0
0
0
0
0
1
0
0
0
0
0
0
0
0
0
0
0
0
0
0
0
0
0
0
0
0
0
0
0
0
0
0
0
0
0
0
0
0
0
0
0
0
0
0
0
0
0
0
0
0
0
0
0
0
0
0
0
0
0
0
0
0
0
0
0
0
0
0
0
0
0
0
0
0
0
0
0
0
0
0
0
0
0
0
0
0
0
0
0
0
0
0
0
0
0
0
0
0
0
0
0
0
0
0
0
0
0
0
0
0
0
0
0
0
0
0
0
0
0
0
0
0
0
0
0
0
0
0
0
0
0
0
0
0
0
0
0
0
0
0
0
0
0
0
0
0
0
0
0
0
0
0
0
0
0
0
0
0
0
0
0
0
0
0
0
0
0
0
0
0
0
0
0
0
0
0
0
0
0
0
0
0
0
0
0
0
0
0
0
0
0
0
0
0
0
0
0
0
0
0
0
0
0
1
0
0
0
0
0
0
0
0
0
0
0
0
0
0
0
0
0
0
0
0
0
0
0
0
0
0
0
0
0
0
0
0
0
0
0
0
0
0
0
0
0
0
0
1
0
0
0
0
0
0
0
0
0
0
0
0
0
0
0
0
0
0
0
0
0
0
0
0
0
0
0
0
0
0
0
0
0
0
0
0
0
0
0
0
0
0
0
0
0
0
0
0
0
0
0
0
0
0
0
0
0
0
0
0
0
0
0
0
0
0
0
0
0
0
0
0
0
0
0
0
0
0
0
0
0
0
0
0
0
0
0
0
0
0
0
0
0
0
0
0
0
0
0
0
0
0
0
0
0
0
0
0
0
0
0
0
0
0
0
0
0
0
0
0
0
0
0
0
0
0
0
0
0
0
0
0
0
0
0
0
0
0
0
0
0
0
0
0
0
0
0
0
0
0
0
0
0
0
0
0
0
0
0
0
0
0
0
0
0
0
0
0
0
0
0
0
0
0
0
0
0
0
0
0
0
0
0
0
0
0
0
0
0
0
0
0
0
0
0
0
0
0
0
0
0
0
0
0
0
0
0
0
0
0
0
0
0
0
0
0
0
0
0
0
0
0
0
0
0
0
0
0
0
0
0
0
0
0
0
0
0
0
1
0
0
0
0
0
0
0
0
0
0
0
0
0
0
0
0
0
0
0
0
0
0
0
0
0
0
0
0
0
0
0
0
0
0
0
0
0
0
0
0
0
0
0
0
0
0
0
0
0
0
0
0
0
0
0
0
0
0
0
0
0
0
0
0
0
0
0
0
0
0
0
0
0
0
0
0
0
0
0
0
0
0
0
0
0
0
0
0
0
0
0
0
0
0
0
0
0
0
0
0
0
0
0
0
0
0
0
0
0
0
0
0
0
0
0
0
0
0
0
0
0
0
0
0
0
0
0
0
0
0
0
0
0
0
0
0
0
0
0
0
0
0
0
0
0
0
0
0
0
0
0
0
0
0
0
0
0
0
0
0
0
0
0
0
0
0
0
0
0
0
0
0
0
0
0
0
0
0
0
0
0
0
0
0
0
0
0
0
0
0
0
0
0
0
0
0
0
1
0
0
0
0
0
0
0
0
0
0
0
0
0
0
0
0
0
0
0
0
0
0
0
0
0
0
0
0
0
0
0
0
0
0
0
0
0
0
0
0
0
0
0
0
0
0
0
0
0
0
0
0
0
0
0
0
0
0
0
0
0
0
0
0
0
0
0
0
0
0
0
0
0
0
0
0
0
1
0
0
0
0
0
0
0
0
0
0
0
0
0
0
0
0
0
0
0
0
0
0
0
0
0
0
0
0
0
0
0
0
0
0
0
0
0
0
0
0
0
0
0
0
0
0
0
0
0
0
0
0
0
0
0
0
0
0
0
0
0
0
0
0
0
0
0
0
0
0
0
0
0
0
0
0
0
0
0
0
0
0
0
0
0
0
0
0
0
0
0
0
0
0
0
0
0
0
0
0
0
0
0
0
0
0
0
0
0
0
0
0
0
0
0
0
0
0
0
0
0
0
0
0
0
0
0
0
0
0
0
0
0
0
0
0
0
0
0
0
0
0
0
0
0
0
0
0
0
0
0
0
0
0
0
0
0
0
0
0
0
0
0
0
0
0
0
0
0
0
0
0
0
0
0
0
0
0
0
0
0
0
0
0
0
0
0
0
0
0
0
0
0
0
0
0
0
0
0
0
0
0
0
0
0
0
0
0
0
0
0
0
0
0
0
0
0
0
0
0
0
0
0
0
0
0
0
0
0
0
0
0
0
0
0
0
0
0
0
0
0
0
0
0
0
0
0
0
0
0
0
0
0
0
0
0
0
0
0
0
0
0
0
0
0
0
0
0
0
0
0
0
0
0
0
0
0
0
0
0
0
0
0
0
0
0
0
0
0
0
0
0
0
0
0
0
0
0
0
0
0
0
0
0
0
0
0
0
0
0
0
0
0
0
0
0
0
0
0
0
0
0
0
0
0
0
0
0
0
0
0
0
0
0
0
0
0
0
0
0
0
0
0
0
0
0
0
0
0
0
0
0
0
0
0
0
0
0
0
0
0
0
0
0
0
0
0
0
0
0
0
0
0
0
0
0
0
0
0
0
0
0
0
0
0
0
0
0
0
0
0
0
0
0
0
0
0
0
0
0
0
0
0
0
0
0
0
0
0
0
0
0
0
0
0
0
0
0
0
0
0
0
0
0
0
0
0
0
0
0
0
0
0
0
0
0
0
0
0
0
0
0
0
0
0
0
0
0
0
0
0
0
0
0
0
0
0
0
0
0
0
0
0
0
0
0
0
0
0
0
0
0
0
0
0
0
0
0
0
0
0
0
0
0
0
0
0
0
0
0
0
0
0
0
0
0
0
0
0
0
0
0
0
0
0
0
0
0
0
0
0
0
0
0
0
0
0
0
0
0
0
0
0
0
0
0
0
0
0
0
0
0
0
0
0
0
0
0
0
0
0
0
0
0
0
0
0
0
0
0
0
0
0
0
0
0
0
0
0
0
0
0
0
0
0
0
0
0
0
0
0
0
0
0
0
0
0
0
0
0
0
0
0
0
0
0
0
0
0
0
0
0
0
0
0
0
0
0
0
0
0
0
0
0
0
0
0
0
0
0
0
0
0
0
0
0
0
0
0
0
0
0
0
0
0
0
0
0
0
0
0
0
0
0
0
0
0
0
0
0
0
0
0
0
0
0
0
0
0
0
0
0
0
0
0
0
0
0
0
0
0
0
0
0
0
0
0
0
0
0
0
0
0
0
0
0
0
0
0
0
0
0
0
0
0
0
0
0
0
0
0
0
0
0
0
0
0
0
0
0
0
0
0
0
0
0
0
0
0
0
0
0
0
0
0
0
0
0
0
0
0
0
0
0
0
0
0
0
0
0
0
0
0
0
0
0
0
0
0
0
0
0
0
0
0
0
0
0
0
0
0
0
0
0
0
0
0
0
0
0
0
0
0
0
0
0
0
0
0
0
0
0
0
0
0
0
0
0
0
0
0
0
0
0
0
0
0
0
0
0
0
0
0
0
0
0
0
0
0
0
0
0
0
0
0
0
0
0
0
0
0
0
0
0
0
0
0
0
0
0
0
0
0
0
0
0
0
0
0
0
0
0
0
0
0
0
0
0
0
0
0
0
0
0
0
0
0
0
0
0
0
0
0
0
0
0
0
0
0
0
0
0
0
0
0
0
0
0
0
0
0
0
0
0
0
0
0
0
0
0
0
0
0
0
0
0
0
0
0
0
0
0
0
0
0
0
0
0
0
0
1
0
0
0
0
0
0
0
0
0
0
0
0
0
0
0
0
0
0
0
0
0
0
0
0
0
0
0
0
0
0
0
0
0
0
0
0
0
0
0
0
0
0
0
0
0
0
0
0
0
0
0
0
0
0
0
0
0
0
0
0
0
0
0
0
0
0
0
0
0
0
0
0
0
0
0
0
0
0
0
0
0
0
0
0
0
0
0
0
0
0
0
0
0
0
0
0
0
0
0
0
0
0
0
0
0
0
0
0
0
0
0
0
0
0
0
0
0
0
0
0
0
0
0
0
0
0
0
0
0
0
0
0
0
0
0
0
0
0
0
0
0
0
0
0
0
0
0
0
0
0
0
0
0
0
0
0
0
0
0
0
0
0
0
0
0
0
0
0
0
0
0
0
0
0
0
0
0
0
0
0
0
0
0
0
0
0
0
0
0
0
0
0
0
0
0
0
0
0
0
0
0
0
0
0
0
0
0
0
0
0
0
0
0
0
0
0
0
0
0
0
0
0
0
0
0
0
0
0
0
0
0
0
0
0
0
0
0
0
0
0
0
0
0
0
0
0
0
0
0
0
0
0
0
0
0
0
0
0
0
0
0
0
0
0
0
0
0
0
0
0
0
0
0
0
0
0
0
0
0
0
0
0
0
0
0
0
0
0
0
0
0
0
0
0
0
0
0
0
0
0
0
0
0
0
0
0
0
0
0
0
0
0
0
0
0
0
0
0
0
0
0
0
0
0
0
0
0
0
0
0
0
0
0
0
0
0
0
0
0
0
0
0
0
0
0
0
0
0
0
0
0
0
0
0
0
0
0
0
0
0
0
0
0
0
0
0
0
0
0
0
0
0
0
0
0
0
0
0
0
0
0
0
0
0
0
0
0
0
0
0
0
0
0
0
0
0
0
0
0
0
0
0
0
0
0
0
0
0
0
0
0
0
0
0
0
0
0
0
0
0
0
0
0
0
0
0
0
0
0
0
0
0
0
0
0
0
0
0
0
0
0
0
0
0
0
0
0
0
0
0
0
0
0
0
0
0
0
0
0
0
0
0
0
0
0
0
0
0
0
0
0
0
0
0
0
0
0
0
0
0
0
0
0
0
0
0
0
0
0
0
0
0
0
0
0
0
0
0
0
0
0
0
0
0
0
0
0
0
0
0
0
0
0
0
0
0
0
0
0
0
0
0
0
0
0
0
0
0
0
0
0
0
0
0
0
0
0
0
0
0
0
0
0
0
0
0
0
0
0
0
0
0
0
0
0
0
0
0
0
0
0
0
0
0
0
0
0
0
0
0
0
0
0
0
0
0
0
0
0
0
0
0
0
0
0
0
0
0
0
0
0
0
0
0
0
0
0
0
0
0
0
0
0
0
0
0
0
0
0
0
0
0
0
0
0
0
0
0
0
0
0
0
0
0
0
0
0
0
0
0
0
0
0
0
0
0
0
0
0
0
0
0
0
0
0
0
0
0
0
0
0
0
0
0
0
0
0
0
0
0
0
0
0
0
0
0
0
0
0
0
0
0
0
0
0
0
0
0
0
0
0
0
0
0
0
0
0
0
0
0
0
0
0
0
0
0
0
0
0
0
0
0
0
0
0
0
0
0
0
0
0
0
0
0
0
0
0
0
0
0
0
0
0
0
0
0
0
0
0
0
0
0
0
0
0
0
0
0
0
0
0
0
0
0
0
0
0
0
0
0
0
0
0
0
0
0
0
0
0
0
0
0
0
0
0
0
0
0
0
0
0
0
0
0
0
0
0
0
0
0
0
0
0
0
0
0
0
0
0
0
0
0
0
0
0
0
0
0
0
0
0
0
0
0
0
0
0
0
0
0
0
0
0
0
0
0
0
0
0
0
0
0
0
0
0
0
0
0
0
0
0
0
0
0
0
0
0
0
0
0
0
0
0
0
0
0
0
0
0
0
0
0
0
0
0
0
0
0
0
0
0
0
0
0
0
0
0
0
0
0
0
0
0
0
0
0
0
0
0
0
0
0
0
0
0
0
0
0
0
0
0
0
0
0
0
0
0
0
0
0
0
0
1
0
0
0
0
0
0
0
0
0
0
0
0
0
0
0
0
0
0
0
0
0
0
0
0
0
0
0
0
0
0
0
0
0
0
0
0
0
0
0
0
0
0
0
0
0
0
0
0
0
0
0
0
0
0
0
0
0
0
0
0
0
0
0
0
0
0
0
0
0
0
0
0
0
0
1
0
0
0
0
0
0
0
0
0
0
0
0
0
0
0
0
0
0
0
0
0
0
0
0
0
0
0
0
0
0
0
0
0
0
0
0
0
0
0
0
0
0
0
0
0
0
0
0
0
0
0
0
0
0
0
0
0
0
0
0
0
0
0
0
0
0
0
0
0
0
0
0
0
0
0
0
0
0
0
0
0
0
0
0
0
0
0
0
0
0
0
0
0
0
0
0
0
0
0
0
0
0
0
0
0
0
0
0
0
0
0
0
0
0
0
0
0
0
0
0
0
0
0
0
0
0
0
0
0
0
0
0
0
0
0
0
0
0
0
0
0
0
0
0
0
0
0
0
0
0
0
0
0
0
0
0
0
0
0
0
0
0
0
0
0
0
0
0
0
0
0
0
0
0
0
0
0
0
0
0
0
0
0
0
0
0
0
0
0
0
0
0
0
0
0
0
0
0
0
0
0
0
0
0
0
0
0
0
0
0
0
0
0
0
0
0
0
0
0
0
0
0
0
0
0
0
0
0
0
0
0
0
0
0
0
0
0
0
0
0
0
0
0
0
0
0
0
0
0
0
0
0
0
0
0
0
0
0
0
0
0
0
0
0
0
0
0
0
0
0
0
0
0
0
0
0
0
0
0
0
0
0
0
0
0
0
0
0
0
0
0
0
0
0
0
0
0
0
0
0
0
0
0
0
0
0
0
0
0
0
0
0
0
0
0
0
0
0
0
0
0
0
0
0
0
0
0
0
0
0
0
0
0
0
0
0
0
0
0
0
0
0
0
0
0
0
0
0
0
0
0
0
0
0
0
0
0
0
0
0
0
0
0
0
0
0
0
0
0
0
0
0
0
0
0
0
0
0
0
0
0
0
0
0
0
0
0
0
0
0
0
0
0
0
0
0
0
0
0
0
0
0
0
0
0
0
0
0
0
0
0
0
0
0
0
0
0
0
0
0
0
0
0
0
0
0
0
0
0
0
0
0
0
0
0
0
0
0
0
0
0
0
0
0
0
0
0
0
0
0
0
0
0
0
0
0
0
0
0
0
0
0
0
0
0
0
0
0
0
0
0
0
0
0
0
0
0
0
0
0
0
0
0
0
0
0
0
0
0
0
0
0
0
0
0
0
0
0
0
0
0
0
0
0
0
0
0
0
0
0
0
0
0
0
0
0
0
0
0
0
0
0
0
0
0
0
0
0
0
0
0
0
0
0
0
0
0
0
0
0
0
0
0
0
0
0
0
0
0
0
0
0
0
0
0
0
0
0
0
0
0
0
0
0
0
0
0
0
0
0
0
0
0
0
0
0
0
0
0
0
0
0
0
0
0
0
0
0
0
0
0
0
0
0
0
0
0
0
0
0
0
0
0
0
0
0
0
0
0
0
0
0
0
0
0
0
0
0
0
0
0
0
0
0
0
0
0
0
0
0
0
0
0
0
0
0
0
0
0
0
0
0
0
0
0
0
0
0
0
0
0
0
0
0
0
0
0
0
0
0
0
0
0
0
0
0
0
0
0
0
0
0
0
0
0
0
0
0
0
0
0
0
0
0
0
0
0
0
0
0
0
0
0
0
0
0
0
0
0
0
0
0
0
0
0
0
0
0
0
0
0
0
0
0
0
0
0
0
0
0
0
0
0
0
0
0
0
0
0
0
0
0
0
0
0
0
0
0
0
0
0
0
0
0
0
0
0
0
0
0
0
0
0
0
0
0
0
0
0
0
0
0
0
0
0
0
0
0
0
0
0
0
0
0
0
0
0
0
0
0
0
0
0
0
0
0
0
0
0
0
0
0
0
0
0
0
0
0
0
0
0
0
0
0
0
0
0
0
0
0
0
0
0
0
0
0
0
0
0
0
0
0
0
0
0
0
0
0
0
0
0
0
0
0
0
0
0
0
0
0
0
0
0
0
0
0
0
0
0
0
0
0
0
0
0
0
0
0
0
0
0
0
0
0
0
0
0
0
0
0
0
0
0
0
0
0
0
0
0
0
0
0
0
0
0
0
0
0
0
0
0
0
0
0
0
0
0
0
0
0
0
0
0
0
0
0
0
0
0
0
0
0
0
0
0
0
0
0
0
0
0
0
0
0
0
0
0
0
0
0
0
0
0
0
0
0
0
0
0
0
0
0
0
0
0
0
0
0
0
0
0
0
0
0
0
0
0
0
0
0
0
0
0
0
0
0
0
0
0
0
0
0
0
0
0
0
0
0
0
0
0
0
0
0
0
0
0
0
0
0
0
0
0
0
0
0
0
0
0
0
0
0
0
0
0
0
1
0
0
0
0
0
0
0
0
0
0
0
0
0
0
0
0
0
0
0
0
0
0
0
0
0
0
0
0
0
0
0
0
0
0
0
0
0
0
0
0
0
0
0
0
0
0
0
0
0
0
0
0
0
0
0
0
0
0
0
0
0
0
0
0
0
0
0
0
0
0
0
0
0
0
0
0
0
0
0
0
0
0
0
0
0
0
0
0
0
0
0
0
0
0
0
0
0
0
0
0
0
0
0
0
0
0
0
0
0
0
0
0
0
0
0
0
0
0
0
0
0
0
0
0
0
0
0
0
0
0
0
0
0
0
0
0
0
0
0
0
0
0
0
0
0
0
0
0
0
0
0
0
0
0
0
0
0
0
0
0
0
0
0
0
0
0
0
0
0
0
0
0
0
0
0
0
0
0
0
0
0
0
0
0
0
0
0
0
0
0
0
0
0
0
0
0
0
0
0
0
0
0
0
0
0
0
0
0
0
0
0
0
0
0
0
0
0
0
0
0
0
0
0
0
0
0
0
0
0
0
0
0
0
0
0
0
0
0
0
0
0
0
0
0
0
0
0
0
0
0
0
0
0
0
0
0
0
0
0
0
0
0
0
0
0
0
0
0
0
0
0
0
0
0
0
0
0
0
0
0
0
0
0
0
0
0
0
0
0
0
0
0
0
0
0
0
0
0
0
0
0
0
0
0
0
0
0
0
0
0
0
0
0
0
0
0
0
0
0
0
0
0
0
0
0
0
0
0
0
0
0
0
0
0
0
0
0
0
0
0
0
0
0
0
0
0
0
0
0
0
0
0
0
0
0
0
0
0
0
0
0
0
0
0
0
0
0
0
0
0
0
0
0
0
0
0
0
0
0
0
0
0
0
0
0
0
0
0
0
0
0
0
0
0
0
0
0
0
0
0
0
0
0
0
0
0
0
0
0
0
0
0
0
0
0
0
0
0
0
0
0
0
0
0
0
0
0
0
0
0
0
0
0
0
0
0
0
0
0
0
0
0
0
0
0
0
0
0
0
0
0
0
0
0
0
0
0
0
0
0
0
0
0
0
