0
0
0
0
0
0
0
0
0
0
0
0
0
0
0
0
0
0
0
0
0
0
0
0
0
0
0
0
0
0
0
0
0
0
0
0
0
0
0
0
0
0
0
0
0
0
0
0
0
0
0
0
0
0
0
0
0
0
0
0
0
0
0
0
0
0
0
0
0
0
0
0
0
0
0
0
0
0
0
0
0
0
0
0
0
0
0
0
0
0
0
0
0
0
0
0
0
0
0
0
0
0
0
0
0
0
0
0
0
0
0
0
0
0
0
0
0
0
0
0
0
0
0
0
0
0
0
0
0
0
0
0
0
0
0
0
0
0
0
0
0
0
0
0
0
0
0
0
0
0
0
0
0
0
0
0
0
0
0
0
0
0
0
0
0
0
0
0
0
0
0
0
0
0
0
0
0
0
0
0
0
0
0
0
0
0
0
0
0
0
0
0
0
0
0
1
0
0
0
0
0
0
0
0
0
0
0
0
0
0
0
0
0
0
0
0
0
0
0
0
0
0
0
0
0
0
0
0
0
0
0
0
0
0
0
0
0
0
0
0
0
0
0
0
0
0
0
0
0
0
0
0
0
0
0
0
0
0
0
0
0
0
0
0
0
0
0
0
0
0
0
0
0
0
0
0
0
0
0
0
0
0
0
0
0
0
0
0
0
0
0
0
0
0
0
0
0
0
0
0
0
0
0
0
0
0
0
0
0
0
0
0
0
0
0
0
0
0
0
0
0
0
0
0
0
0
0
0
0
0
1
0
0
0
1
0
0
0
0
0
0
0
0
0
0
0
0
0
0
0
0
0
0
0
0
0
0
0
0
0
0
0
0
0
0
0
0
0
0
0
0
0
0
0
0
0
0
0
1
0
0
0
0
0
0
0
0
0
0
0
0
0
0
0
0
0
0
0
1
0
0
0
1
0
0
0
0
0
0
0
1
0
0
0
0
0
0
0
0
0
0
0
0
0
0
0
1
0
0
0
0
1
0
2
0
0
0
1
0
0
0
0
0
3
0
0
0
0
1
0
1
0
0
1
0
0
1
0
0
0
0
0
0
0
0
1
0
0
1
0
0
0
1
1
0
0
0
1
0
0
0
0
0
0
0
0
0
0
0
0
1
0
1
0
2
0
0
0
0
1
1
1
0
2
0
1
0
0
1
0
0
0
1
3
0
0
1
1
1
1
2
1
0
0
2
0
1
0
0
1
1
1
0
0
0
0
0
0
0
1
1
1
0
0
1
0
2
0
0
2
0
1
1
0
1
0
0
0
0
1
1
1
1
0
0
0
1
0
0
0
0
0
0
2
0
2
0
1
0
0
0
1
0
0
1
1
1
1
2
0
0
0
1
1
0
0
0
0
0
1
2
0
0
2
0
0
2
0
1
0
1
1
0
0
1
2
0
1
1
1
0
2
1
1
0
2
0
0
0
2
0
2
2
1
1
0
1
2
2
1
1
1
3
2
4
0
4
2
1
1
0
2
1
3
2
3
0
3
1
2
1
0
4
1
3
1
2
1
0
1
0
0
1
1
1
1
6
0
0
0
0
0
1
0
1
1
1
0
1
3
0
0
2
0
2
2
0
0
0
0
1
0
0
0
1
2
1
0
0
0
2
0
0
0
0
3
0
0
2
2
0
0
0
0
0
0
0
0
0
0
2
0
2
3
0
0
0
0
0
0
3
1
1
0
1
1
0
1
0
0
2
0
0
1
1
0
1
1
2
1
2
0
2
2
2
2
2
1
1
1
0
0
1
0
1
0
0
0
2
1
0
1
1
0
0
0
2
0
0
0
0
2
1
2
0
1
2
0
2
0
1
2
1
1
0
0
0
2
0
0
1
0
2
2
0
2
1
0
4
0
2
0
0
0
1
2
0
1
0
1
1
2
1
1
0
2
1
0
0
0
1
4
2
0
2
0
0
2
0
2
0
0
0
3
0
0
1
0
0
2
0
0
1
0
1
2
1
2
1
1
0
1
0
0
1
3
1
1
1
0
2
0
3
0
4
1
1
2
1
1
0
1
0
0
3
1
3
0
2
1
1
0
3
1
2
0
0
3
2
2
0
0
1
0
0
3
0
1
3
1
1
1
1
1
0
0
1
1
0
0
4
0
1
1
0
0
1
1
1
2
0
2
2
0
2
1
2
1
0
1
3
1
2
0
1
1
0
1
1
0
3
1
3
1
1
3
1
0
0
4
2
3
0
2
1
2
3
4
1
1
0
2
1
4
3
3
6
3
5
3
2
1
4
6
9
2
4
3
4
3
4
3
6
2
4
4
5
2
4
8
6
5
8
0
5
5
2
3
5
8
5
5
4
3
6
7
10
2
5
4
4
6
6
4
4
7
4
5
5
5
7
5
7
3
1
5
3
5
0
0
2
8
3
7
4
3
3
7
4
5
2
10
5
6
4
6
8
3
6
3
4
4
4
6
7
4
2
2
4
3
4
2
2
1
4
3
6
6
4
4
9
4
4
1
5
6
5
5
1
1
1
3
1
3
5
2
2
0
0
3
2
0
3
4
2
2
2
1
2
2
3
1
0
3
6
0
2
0
2
2
0
3
0
3
2
0
2
2
3
3
1
0
1
1
0
2
3
3
2
2
1
0
2
5
1
5
1
0
4
2
3
1
0
2
4
4
7
5
1
5
2
4
3
7
7
5
6
7
4
7
3
9
5
1
4
4
9
7
4
1
3
9
7
8
3
8
7
6
9
6
6
8
5
7
2
5
8
5
6
6
7
4
5
14
5
4
8
8
5
5
13
4
7
7
6
6
6
3
8
8
5
5
9
5
6
7
3
3
6
4
3
6
5
3
4
1
3
2
1
3
3
6
2
2
4
5
6
2
6
3
3
3
5
3
5
4
4
9
8
8
5
1
9
5
5
4
6
10
12
14
4
10
8
11
12
6
11
7
15
11
12
17
11
13
10
16
11
16
16
20
11
18
11
4
15
21
13
6
8
15
13
15
7
8
13
8
13
15
6
5
8
5
16
13
5
9
17
12
7
3
6
6
8
9
10
10
10
3
5
3
7
2
6
2
2
6
4
3
4
5
4
6
3
2
3
2
3
1
1
2
1
2
2
1
2
2
2
2
1
2
6
2
4
1
2
1
1
2
2
1
4
2
5
2
2
4
2
1
4
6
2
6
1
5
4
3
2
4
3
4
4
4
3
4
5
4
3
5
1
2
4
3
4
5
2
2
3
1
6
4
5
3
3
1
3
4
2
3
3
3
3
1
2
2
2
2
4
0
9
3
3
6
4
2
4
1
2
2
2
5
5
0
3
1
2
3
4
4
1
5
3
6
1
4
2
0
4
7
2
3
2
2
2
0
2
3
4
5
3
1
4
5
4
0
2
1
3
0
0
3
1
1
2
1
4
2
3
6
4
0
3
4
2
1
1
1
2
3
0
3
1
1
1
1
3
4
2
0
2
0
5
3
1
1
2
0
6
1
0
1
1
1
3
1
1
2
0
1
2
1
1
2
1
1
2
2
1
2
0
1
4
1
3
2
0
1
0
1
1
2
3
0
0
2
0
1
0
2
1
1
5
4
1
3
1
2
3
3
1
1
2
1
1
2
0
3
2
3
1
1
1
3
3
3
2
6
2
2
0
3
6
2
2
3
0
3
2
1
1
1
1
1
1
3
4
2
1
1
3
2
0
5
4
1
2
7
2
4
1
2
2
2
1
4
3
2
2
3
3
5
1
1
3
1
2
4
3
0
1
5
2
0
3
3
3
1
1
4
2
4
0
1
1
1
6
5
3
3
3
0
1
0
0
4
0
1
1
0
1
0
2
2
1
1
2
2
2
0
2
1
3
0
3
0
2
0
0
2
0
4
0
1
1
0
1
3
2
2
2
6
1
2
4
3
1
0
4
1
2
2
2
0
0
0
1
2
1
3
0
2
2
2
3
0
4
2
2
0
1
1
5
0
2
1
0
2
4
2
1
1
2
4
2
1
2
0
5
0
1
2
0
1
0
4
6
2
1
0
0
1
2
5
1
8
3
2
0
1
3
0
3
3
1
1
2
4
3
0
4
4
0
2
4
4
2
1
0
1
4
1
0
1
1
4
2
1
2
0
5
0
4
1
3
6
3
0
1
2
4
4
1
2
0
2
3
2
4
1
0
3
0
3
2
2
2
3
1
3
2
3
5
6
2
2
2
0
2
5
1
2
5
0
0
3
1
5
7
1
2
4
2
2
3
3
1
1
1
3
5
4
1
1
0
2
6
4
1
1
1
5
2
0
2
5
2
0
4
2
2
3
0
2
0
2
0
1
2
0
3
5
2
0
1
3
1
1
0
1
2
1
2
2
4
2
2
1
1
3
1
1
2
1
2
3
3
4
1
3
3
3
2
3
1
0
3
0
1
1
6
1
2
2
3
2
2
1
2
4
2
0
2
2
3
2
3
3
1
0
1
4
3
2
2
0
1
1
3
2
4
0
1
2
1
5
3
3
1
4
1
0
2
3
2
1
2
3
2
6
2
3
1
2
5
3
2
1
3
2
2
4
2
2
5
0
2
6
3
3
0
2
2
4
4
6
1
5
3
3
1
2
4
1
2
4
3
4
4
5
2
2
4
4
2
3
4
3
5
2
5
3
3
5
6
5
3
6
3
4
5
6
5
6
4
7
5
3
3
7
4
2
2
1
1
3
5
4
7
6
4
4
3
5
2
3
3
4
3
5
3
2
1
3
4
5
1
3
5
2
2
5
7
6
0
0
2
5
1
3
2
2
2
3
4
2
7
0
4
1
0
6
2
2
5
3
3
1
2
2
2
3
8
1
1
3
6
7
3
4
6
2
5
3
3
4
4
3
4
6
6
4
4
3
4
5
1
2
3
0
5
3
2
4
5
5
0
4
3
2
5
6
2
2
1
5
7
3
5
6
2
5
6
6
3
5
3
4
3
0
3
4
5
6
2
2
7
1
7
4
5
3
3
4
3
2
4
5
4
0
4
6
2
2
4
7
6
5
2
9
5
6
4
7
7
3
5
7
1
5
0
5
6
5
5
5
2
6
6
2
4
3
7
5
4
2
4
4
8
4
6
9
3
4
5
1
8
3
4
4
5
4
4
4
6
5
12
4
3
8
13
3
7
4
5
3
5
8
4
8
3
5
4
4
5
4
6
7
3
6
7
6
11
4
8
5
6
10
9
7
9
8
10
9
7
7
4
10
6
8
7
9
14
7
9
10
7
6
15
8
6
12
10
11
3
10
9
6
5
5
10
6
9
5
4
8
7
5
7
7
8
14
8
10
4
8
13
12
10
8
9
11
12
11
3
9
14
9
11
14
20
11
12
16
14
14
12
16
12
17
13
15
14
22
23
17
12
11
16
13
21
16
23
17
21
27
22
26
23
10
32
26
23
27
25
24
27
24
34
18
26
21
35
25
25
22
29
27
19
33
32
17
28
20
24
26
25
29
28
34
22
22
39
37
23
34
25
31
38
19
23
22
24
25
30
33
29
31
26
15
26
26
18
21
21
26
22
17
20
23
20
21
21
25
23
25
29
30
22
16
21
18
17
22
17
14
21
18
18
20
9
11
20
16
16
22
16
20
11
15
15
11
18
8
13
14
10
13
11
18
13
16
12
9
10
18
8
8
11
14
18
11
11
14
9
8
9
13
13
17
12
13
8
13
14
20
14
10
7
11
9
16
13
11
7
12
9
15
14
8
20
7
12
7
13
12
16
15
12
8
12
7
16
8
15
20
11
11
14
12
12
12
3
10
13
16
14
6
11
11
13
15
6
8
10
7
4
15
11
17
8
10
15
7
8
16
10
15
13
10
10
15
11
9
19
8
14
11
13
17
13
16
15
11
14
6
11
17
7
11
12
11
10
14
14
10
9
4
19
10
11
13
15
16
11
21
17
19
16
17
18
11
10
10
24
19
16
25
15
16
16
13
19
15
18
16
23
14
17
21
17
12
19
14
16
15
22
16
10
13
13
13
13
19
13
24
19
16
11
22
19
14
15
19
5
11
7
18
22
11
15
10
11
23
12
14
27
17
12
6
17
12
12
15
6
7
8
13
12
19
11
16
14
12
13
13
11
17
16
12
10
11
9
6
10
16
11
9
11
7
8
13
9
10
10
6
7
8
9
11
5
6
14
8
7
14
11
19
9
15
8
17
8
13
7
12
10
10
13
9
12
13
11
14
12
22
8
13
14
16
12
10
13
17
19
19
16
15
21
19
16
26
26
27
22
26
29
20
32
25
28
37
42
56
43
48
60
45
55
69
66
88
60
82
98
86
103
98
108
112
116
130
140
119
152
133
179
177
194
175
212
192
206
214
217
262
249
234
234
278
264
282
307
307
316
348
315
344
335
363
363
336
357
390
381
396
368
403
455
377
416
363
400
404
434
411
434
406
436
416
421
429
444
401
408
397
433
383
400
363
347
348
358
367
353
332
325
306
304
316
273
289
311
248
274
246
209
220
214
206
189
198
180
186
186
179
135
152
141
121
131
130
123
112
101
98
90
97
89
93
86
75
63
65
67
56
65
60
48
52
42
35
41
43
34
34
31
21
18
32
26
28
18
28
18
15
19
15
16
13
25
18
11
19
14
14
16
9
13
13
14
12
13
8
13
10
16
14
18
6
7
8
15
7
9
8
14
10
10
6
14
11
8
6
7
15
9
10
6
11
9
7
12
5
10
14
5
13
11
12
11
8
7
14
11
8
6
14
7
10
7
6
13
11
5
6
8
8
12
7
8
8
8
15
8
16
15
12
17
9
10
11
17
13
7
12
11
8
17
14
14
11
4
18
15
11
8
17
25
16
9
10
19
19
11
16
19
15
10
20
19
17
16
13
8
15
21
15
22
19
19
19
16
24
17
26
25
24
24
25
22
24
22
29
38
31
19
29
21
21
28
29
29
40
35
39
39
39
39
42
39
30
40
47
48
40
36
39
45
36
39
43
55
47
62
45
60
52
53
44
63
58
61
68
53
59
61
77
84
84
78
80
74
81
72
83
71
107
104
92
90
83
115
87
87
99
108
107
107
95
99
97
100
106
92
105
87
132
96
102
111
89
83
99
94
96
95
91
87
97
87
89
90
102
72
76
84
73
74
82
62
65
75
63
59
65
61
53
58
52
56
65
37
48
57
48
39
37
37
39
27
40
33
34
32
32
41
30
29
25
15
28
28
21
26
21
7
26
17
20
7
21
21
17
21
26
14
20
11
11
13
14
12
16
6
11
9
9
11
10
9
7
12
12
8
8
17
7
13
10
8
10
9
18
7
10
10
8
8
13
10
7
16
9
12
8
7
15
12
14
11
13
9
11
8
7
5
10
13
18
10
9
13
15
7
13
8
7
8
9
8
18
12
14
11
17
12
12
16
12
13
14
11
14
16
13
18
15
11
14
21
17
13
14
14
15
17
19
19
13
20
26
16
16
21
26
16
17
14
19
16
16
15
23
22
21
21
16
21
19
19
24
16
26
16
16
19
25
13
18
21
29
18
24
14
25
19
23
20
14
22
25
14
11
15
11
17
17
14
11
12
14
12
14
13
18
16
9
8
13
10
17
11
12
13
10
9
11
10
16
12
5
13
12
13
4
10
9
8
5
13
13
10
10
13
12
8
10
13
12
7
13
6
13
3
9
5
14
10
11
8
11
8
15
8
5
3
3
9
12
10
16
6
5
11
7
8
10
10
11
14
10
8
11
9
11
7
14
12
10
12
14
11
13
12
16
9
9
10
14
6
16
11
16
7
3
6
11
6
13
9
12
12
11
17
13
17
16
10
9
13
7
13
17
17
8
12
12
8
10
11
14
9
10
13
16
12
14
12
10
14
11
10
9
11
9
15
25
13
11
12
18
20
16
14
13
15
14
8
19
10
7
14
12
13
13
8
12
12
11
11
9
10
16
13
12
8
8
19
13
10
17
12
21
11
6
11
10
11
17
18
14
21
18
13
15
13
13
19
9
12
18
19
11
17
15
10
14
17
15
12
9
13
19
17
12
10
20
14
15
16
16
10
13
8
10
14
23
25
12
15
13
20
18
12
24
13
22
11
19
11
10
14
21
19
25
15
19
15
19
17
16
16
20
14
23
16
32
17
24
16
19
16
21
17
22
17
13
7
32
24
16
14
17
23
25
26
25
21
16
16
33
21
24
22
21
15
25
15
27
19
24
19
23
19
23
25
27
30
26
12
20
20
21
37
18
21
22
28
27
31
24
28
35
30
29
29
24
16
34
39
26
28
29
34
25
19
30
32
28
34
33
27
30
34
35
26
29
28
28
45
34
36
37
38
38
35
36
38
32
33
40
35
35
32
32
37
33
42
33
39
35
31
31
28
49
31
32
44
46
35
40
52
49
35
59
49
49
46
59
55
43
73
49
74
83
83
86
91
95
97
106
107
127
130
120
130
136
149
147
192
193
195
232
240
254
254
265
307
328
366
371
400
404
447
488
501
534
631
590
658
683
714
793
878
966
971
1047
1093
1217
1266
1274
1295
1358
1511
1634
1651
1825
1795
2009
2034
2180
2297
2393
2556
2623
2824
2873
2926
3121
3205
3363
3482
3577
3777
3684
3797
4013
4230
4327
4358
4524
4673
4905
5103
5113
5373
5473
5322
5512
5680
5873
5806
6054
6198
6278
6309
6262
6587
6486
6660
6715
6706
6604
6791
6976
6768
6887
6904
6953
7018
6827
6909
6921
6889
6864
6672
6696
6774
6678
6565
6502
6377
6342
6169
6235
6120
5894
5942
5828
5598
5469
5406
5359
5453
5062
4978
4891
4662
4554
4477
4421
4256
4089
3908
3696
3602
3562
3387
3322
3150
3039
2967
2799
2765
2580
2520
2334
2258
2109
2113
1989
1852
1719
1692
1646
1552
1479
1341
1308
1208
1177
1110
1128
1023
958
904
890
837
727
694
618
586
611
531
506
507
493
470
405
392
392
356
307
299
310
262
260
218
244
230
182
201
140
169
158
143
126
126
110
127
103
101
100
107
91
91
91
87
89
72
73
71
65
67
70
53
63
64
57
49
55
51
39
34
52
32
36
35
33
31
42
35
25
26
36
25
22
28
25
30
22
23
24
21
24
23
14
19
20
28
15
21
26
21
26
12
20
9
11
21
12
15
17
10
25
19
16
17
18
22
15
19
19
14
24
8
8
16
20
14
19
17
24
14
19
15
7
13
13
15
14
12
15
9
13
11
22
12
23
25
17
19
22
13
19
16
14
11
14
15
19
15
21
17
10
16
17
10
23
21
16
14
21
16
19
13
25
8
15
20
12
20
22
11
19
18
7
14
23
15
17
25
13
16
18
17
15
18
22
16
17
15
25
17
18
14
27
21
30
17
24
23
17
20
20
23
27
16
20
22
14
17
24
25
21
28
20
17
24
28
28
20
27
18
26
25
30
26
28
24
25
45
24
26
26
35
32
34
30
42
31
49
37
24
43
37
34
29
32
29
47
37
29
30
34
32
45
44
56
41
62
39
64
59
55
56
64
59
78
83
88
82
79
77
104
99
97
92
104
106
110
136
110
138
136
157
135
155
162
192
159
197
195
229
228
225
235
280
246
288
280
319
342
323
381
394
394
428
447
459
414
438
502
468
468
527
579
576
608
537
587
604
626
642
632
699
698
669
726
750
776
777
799
778
804
813
852
866
871
865
881
944
906
983
913
901
1010
974
929
917
933
965
998
966
1072
987
949
973
969
966
953
899
938
958
930
939
874
884
892
846
836
765
877
802
782
747
755
722
752
760
697
672
679
656
631
600
606
613
518
548
553
494
518
469
427
441
441
420
398
377
395
334
302
318
300
308
271
282
252
232
244
226
215
214
187
182
180
157
150
148
143
151
124
103
117
100
90
101
96
86
79
78
86
83
61
66
53
55
55
37
52
34
36
36
39
31
34
24
25
21
18
26
27
23
19
12
15
19
15
12
18
14
13
13
19
7
13
6
13
11
8
13
7
6
2
6
5
5
6
7
2
5
1
7
3
4
7
1
2
4
1
4
3
2
1
1
2
5
3
4
1
3
0
3
3
2
0
4
2
1
3
2
2
0
1
0
2
0
2
1
1
2
2
2
2
4
3
2
0
1
4
1
1
2
1
2
3
2
3
0
2
3
3
1
2
2
0
3
2
2
2
0
5
0
3
2
3
1
4
1
2
4
2
1
2
2
1
1
4
3
2
2
1
4
1
5
1
2
6
1
3
1
2
0
0
0
1
2
1
1
1
3
0
1
2
3
2
5
3
5
1
5
6
3
0
3
0
2
0
2
1
6
6
2
4
5
2
4
4
2
1
3
3
2
2
0
4
2
2
7
2
4
3
2
5
4
3
3
3
6
4
2
2
3
1
5
1
3
4
3
4
1
9
4
0
5
5
3
3
5
3
3
4
0
3
2
2
4
6
1
4
2
4
2
0
3
3
2
3
0
5
3
6
4
1
6
3
0
6
1
1
4
1
1
2
3
2
2
2
2
1
1
2
1
2
1
1
3
3
2
2
3
1
1
2
1
4
1
1
0
1
5
2
2
5
2
2
3
1
1
3
1
1
3
1
1
2
1
2
1
6
3
1
4
2
1
5
4
2
5
2
2
5
1
3
3
4
1
1
2
2
3
1
2
1
4
1
3
2
2
4
4
1
4
3
0
0
1
1
1
2
1
0
3
2
2
3
2
0
4
2
2
0
2
5
3
3
0
6
2
1
3
2
5
2
5
0
1
4
4
3
1
2
4
5
3
5
3
5
3
3
4
0
3
2
1
2
1
1
5
2
3
1
1
2
1
4
1
2
2
2
5
3
0
1
1
2
9
3
1
0
1
0
2
1
2
1
3
3
2
1
1
3
1
1
1
2
3
3
2
1
3
2
1
2
5
3
1
2
0
1
2
2
4
2
3
0
3
1
2
1
2
3
1
0
3
5
2
3
2
0
3
1
1
5
1
1
4
2
3
0
5
0
1
2
2
1
3
4
0
3
1
3
1
2
2
2
0
0
1
0
1
1
1
2
2
2
1
3
1
2
3
2
3
3
0
2
4
0
0
4
2
0
4
1
1
0
4
3
4
2
4
0
0
2
3
2
1
2
2
1
2
5
3
0
2
2
1
0
0
0
0
3
0
2
1
1
0
1
1
2
1
0
0
0
2
0
2
0
1
1
2
1
0
1
2
0
1
1
0
2
1
1
2
1
5
2
1
4
2
0
2
0
1
2
2
2
0
2
2
2
1
1
0
2
1
6
1
1
3
3
0
0
1
2
2
1
1
1
0
3
1
1
0
2
0
2
2
1
2
1
1
2
1
1
2
1
1
3
2
4
2
4
0
3
3
1
2
0
3
1
2
4
2
2
1
1
2
1
3
0
3
2
0
4
2
1
0
3
0
4
0
1
4
2
2
2
2
0
2
1
1
1
1
2
4
2
1
1
2
0
2
2
3
0
0
1
1
1
2
2
0
2
2
1
1
4
3
1
4
3
0
1
1
2
4
0
2
2
2
1
0
1
1
0
3
1
1
1
2
4
4
1
2
1
1
1
1
2
1
1
2
2
1
1
0
0
1
1
3
2
5
2
2
0
1
1
1
4
1
1
3
2
2
2
1
2
0
0
1
1
1
3
0
4
1
1
1
0
2
2
0
0
4
4
2
1
1
1
4
2
0
3
4
0
0
3
2
0
3
0
1
1
2
1
1
1
4
0
3
1
3
3
1
3
1
0
0
6
2
1
1
1
0
1
1
4
0
2
3
2
1
4
2
1
2
2
4
3
3
5
2
1
2
6
3
2
0
2
0
1
4
2
6
1
1
1
1
2
0
2
4
1
1
3
0
1
1
0
2
0
1
3
2
1
2
2
0
3
1
1
2
0
0
1
1
0
1
0
2
1
2
1
2
0
0
0
1
1
1
4
2
1
2
1
0
0
0
1
4
1
2
0
0
1
1
0
0
2
3
1
0
1
2
0
0
0
2
3
2
3
2
2
0
4
1
3
2
0
0
0
0
3
0
2
2
2
2
3
2
2
1
2
0
3
0
0
2
1
1
0
1
4
5
2
0
1
1
0
2
0
0
2
2
0
4
2
1
1
0
0
1
3
1
3
0
4
2
0
2
0
1
2
2
3
4
3
0
0
4
2
0
1
1
2
3
3
1
1
2
0
1
4
1
0
1
3
1
2
1
1
2
1
2
1
0
2
1
1
5
1
2
1
3
3
0
0
2
1
2
3
2
2
0
1
1
0
1
2
0
2
1
0
1
0
4
0
4
3
1
2
2
2
0
2
3
1
5
2
1
3
2
1
0
0
1
0
0
0
3
1
1
2
2
0
0
2
2
1
0
0
1
1
2
2
2
0
0
0
1
2
0
3
1
2
1
2
0
0
2
3
0
1
1
1
0
0
1
0
2
0
2
0
3
2
0
1
2
0
3
1
2
1
1
3
0
1
1
0
2
0
1
2
3
3
3
0
0
1
2
1
0
0
1
0
1
2
2
0
3
1
0
2
0
4
2
2
1
4
1
1
2
1
2
1
3
3
2
2
1
3
0
0
0
5
2
0
1
0
1
1
3
4
1
1
4
1
1
2
0
0
1
3
1
1
2
1
0
1
1
1
1
1
1
1
0
0
1
1
1
4
3
3
3
0
0
1
2
1
0
2
0
3
2
3
3
3
2
1
0
3
2
3
0
0
0
0
1
1
1
2
1
2
3
2
2
1
1
1
0
0
2
0
0
1
1
2
2
0
1
1
3
2
0
1
2
0
2
0
1
1
1
1
2
1
1
1
0
4
0
1
1
3
1
1
2
0
3
2
3
0
0
1
1
2
0
2
1
2
2
1
0
1
0
1
3
4
0
1
3
4
5
1
1
1
4
1
2
2
1
0
0
1
0
0
1
4
2
1
3
3
2
1
0
1
2
2
0
1
1
2
0
2
2
1
1
1
1
2
1
1
0
3
0
0
1
0
3
0
1
0
3
4
2
0
1
2
1
2
2
2
0
1
5
2
1
1
2
1
0
1
2
3
1
1
1
0
0
0
3
3
0
2
1
0
4
0
0
1
0
1
3
1
2
2
1
1
2
1
0
1
0
1
2
1
1
2
1
0
0
1
2
1
0
1
2
1
0
0
3
2
1
1
2
2
0
2
0
0
0
1
1
0
2
2
0
1
3
0
2
2
1
2
1
1
1
1
1
1
1
1
0
0
2
1
5
1
1
2
0
0
1
4
1
0
0
2
1
0
2
1
0
0
1
2
2
0
1
1
1
2
0
4
1
2
0
3
2
2
2
0
1
0
0
0
0
1
1
3
2
0
2
2
0
0
3
0
0
2
0
0
3
1
0
1
2
1
1
1
1
2
0
0
2
1
2
0
2
0
0
0
1
2
2
0
1
2
2
2
0
0
2
1
0
3
0
2
1
0
2
0
0
2
0
1
0
2
2
1
1
2
1
1
1
0
2
0
2
0
0
3
1
0
0
1
0
0
0
1
0
0
0
2
0
1
1
2
0
0
3
2
1
2
0
0
0
0
4
1
0
3
4
1
1
2
1
0
0
1
2
2
4
0
1
1
1
1
1
1
2
1
0
0
1
0
2
0
0
2
2
1
0
3
1
0
1
1
1
1
1
2
1
0
0
0
1
0
2
0
1
3
0
1
1
1
0
1
0
0
1
1
2
0
3
1
1
1
2
1
2
0
2
0
1
0
2
0
0
0
1
1
0
4
0
2
2
3
1
0
1
3
2
1
1
2
2
1
1
1
1
0
2
1
3
2
3
3
0
1
0
2
2
0
1
2
3
1
1
0
0
1
2
0
1
1
1
1
1
0
1
2
1
1
1
1
1
0
4
4
2
0
2
1
1
0
2
0
0
0
2
2
1
0
3
2
3
1
0
1
3
2
0
0
0
0
0
1
0
2
1
1
1
1
0
0
2
0
2
0
1
0
1
0
0
1
0
1
0
1
1
3
0
1
0
1
0
2
1
0
4
2
4
0
2
2
0
1
2
2
0
0
1
3
0
3
2
0
0
2
1
3
1
1
2
0
0
1
0
2
0
0
2
0
0
1
2
0
2
3
0
0
0
2
1
2
0
2
0
2
0
0
0
1
3
2
0
2
2
0
0
0
0
1
3
1
0
0
1
4
1
3
0
3
2
1
1
0
2
1
3
0
1
1
0
1
0
3
4
1
1
1
1
2
2
0
1
1
3
1
1
0
1
2
1
4
2
1
1
1
3
3
0
1
1
1
1
1
0
0
2
0
2
1
0
1
3
2
3
1
2
0
1
5
3
0
1
1
2
1
4
3
0
1
1
2
0
1
2
0
2
1
0
0
1
2
1
1
0
1
1
0
0
1
1
0
1
1
2
0
6
1
1
1
1
0
4
1
1
0
1
0
1
0
1
0
0
4
2
3
0
0
0
2
0
4
1
0
0
0
2
2
2
3
0
2
1
1
0
0
1
0
0
0
0
0
1
4
1
0
2
2
1
0
2
2
2
1
1
0
0
3
0
1
0
0
1
0
1
1
0
2
1
1
3
4
1
1
0
3
0
0
0
0
1
3
1
1
0
2
1
1
1
0
2
0
1
2
1
0
0
0
0
0
2
1
0
0
0
3
1
1
1
2
0
2
1
1
3
1
1
2
2
1
1
2
1
0
1
1
3
1
0
1
0
0
2
2
3
0
0
0
0
1
0
1
2
0
0
1
1
2
0
1
2
1
1
4
1
0
0
1
1
1
0
0
0
1
1
1
0
0
1
1
0
4
0
0
0
1
1
0
0
0
0
1
1
1
0
1
2
1
0
0
2
1
1
1
0
0
0
1
2
2
1
2
3
2
0
0
0
1
0
1
1
3
0
2
1
2
0
1
1
1
1
1
1
0
1
0
0
5
1
1
0
3
4
1
0
0
1
1
2
1
1
1
0
0
2
2
2
1
0
0
1
0
1
0
1
2
1
3
0
0
0
1
1
1
2
1
1
3
2
2
1
1
1
1
3
1
1
3
1
1
1
2
3
0
3
0
1
3
0
1
2
3
2
2
0
0
0
2
3
1
1
1
2
0
2
3
1
1
3
3
3
2
5
0
5
0
1
5
1
0
1
3
1
3
4
3
2
2
3
1
3
5
1
5
1
2
1
2
2
6
4
2
5
1
3
2
1
0
0
5
2
2
2
1
1
1
1
1
1
2
1
2
5
6
2
0
1
3
1
2
2
2
1
1
3
5
0
4
1
2
0
3
1
0
2
0
1
3
1
1
0
1
3
2
1
2
0
2
2
0
0
3
1
0
0
2
3
3
2
4
0
1
1
2
1
3
2
3
2
2
0
0
0
2
3
2
0
0
1
1
0
0
1
0
3
0
1
0
0
1
1
1
4
0
1
2
0
2
1
0
0
0
0
1
0
2
0
2
1
2
0
1
1
2
2
1
0
1
3
2
1
0
1
0
0
1
1
1
0
0
0
0
2
2
1
1
0
3
3
0
2
2
1
0
1
1
1
0
0
1
1
0
0
2
0
0
0
0
1
0
3
0
2
0
0
1
0
0
0
2
1
3
0
0
0
2
1
1
0
2
0
0
2
0
1
1
1
3
0
0
0
1
2
1
0
2
0
2
0
1
0
0
1
2
1
0
0
1
0
1
1
2
1
2
0
2
1
0
1
1
1
2
0
2
3
0
0
0
0
1
0
0
1
2
1
1
2
0
2
2
0
1
2
0
0
0
5
3
2
1
1
1
0
0
1
0
1
2
1
0
1
2
3
0
0
1
0
0
0
2
0
2
4
1
3
3
2
0
2
1
0
2
0
1
0
3
1
0
2
2
1
1
1
1
1
1
1
1
0
1
0
2
1
3
2
1
0
1
3
0
1
1
1
1
0
1
1
1
0
2
1
0
1
2
1
1
0
0
1
0
1
2
0
1
0
1
0
1
1
1
1
0
1
1
0
1
2
2
0
1
1
1
0
0
0
1
0
1
2
0
0
0
0
1
2
1
1
2
2
0
2
0
0
2
1
2
0
4
0
1
0
0
2
2
0
2
0
0
1
0
1
0
0
0
1
1
0
1
2
1
0
3
0
2
2
1
0
0
2
0
0
0
0
1
2
0
0
0
0
1
0
1
1
1
2
1
1
2
1
0
0
0
1
0
1
0
2
2
0
0
1
2
0
1
0
0
1
0
4
1
0
2
0
0
0
0
0
2
0
2
2
2
1
0
2
1
2
1
2
1
1
0
2
0
0
2
0
1
1
1
1
0
0
1
3
0
0
0
1
0
1
0
2
0
1
0
1
1
0
3
1
0
0
1
0
0
0
0
0
0
1
0
0
1
0
0
0
0
0
0
0
0
1
0
0
0
1
0
0
0
0
0
0
1
0
0
2
0
0
0
3
2
1
0
0
0
1
0
0
0
1
0
0
1
1
0
0
0
1
0
0
0
2
1
1
0
0
0
1
0
1
0
1
1
1
0
1
2
0
0
2
2
0
2
1
0
0
2
2
0
1
1
2
0
1
1
1
2
0
1
0
2
0
0
0
0
2
0
0
0
1
0
1
1
0
1
1
0
0
1
0
0
1
1
0
0
1
3
2
0
1
0
0
0
1
1
1
0
1
0
0
1
1
2
1
1
0
0
0
1
1
0
1
1
0
1
1
1
0
0
0
0
0
0
0
0
3
2
0
1
0
0
2
0
2
0
1
1
1
2
0
1
0
0
0
1
0
0
0
0
1
0
0
0
0
0
0
1
0
0
0
2
3
0
1
0
0
1
1
1
1
1
1
0
1
0
0
1
0
0
0
0
0
2
0
1
1
0
0
1
2
1
0
1
1
2
2
0
0
2
0
0
2
0
0
0
0
2
1
0
0
0
1
0
0
1
0
0
1
0
1
0
2
0
0
1
0
0
1
0
1
0
1
2
1
1
4
0
2
1
0
0
0
1
0
1
1
1
0
0
0
0
1
0
0
0
0
0
0
0
1
0
0
0
4
0
0
0
1
0
0
1
0
1
2
1
1
1
0
1
0
0
0
0
0
1
0
1
0
2
1
0
0
0
1
0
0
0
0
1
0
0
1
1
1
0
2
0
2
0
0
0
1
0
1
0
0
0
1
2
0
0
1
1
0
3
2
2
1
2
0
0
1
1
2
1
2
0
2
1
3
3
2
0
0
4
0
1
2
5
1
4
3
3
3
4
8
7
9
5
4
6
2
6
2
4
2
4
3
6
9
2
3
8
4
4
4
6
4
5
5
4
7
9
4
3
7
9
9
6
5
13
11
5
6
7
11
10
4
7
14
10
11
10
9
14
7
6
6
9
10
14
15
8
9
6
13
8
11
5
19
10
17
17
14
7
13
9
6
7
6
14
14
12
7
16
8
9
14
12
9
10
5
9
9
12
11
10
6
7
9
12
13
10
9
9
8
13
9
4
11
10
10
12
8
3
3
8
5
8
11
11
5
7
6
5
5
6
5
2
6
2
10
5
3
6
4
3
1
7
1
1
3
5
7
10
7
2
3
5
4
3
5
3
2
5
3
3
2
3
1
2
0
2
1
1
2
2
1
2
2
3
2
1
2
1
3
0
1
0
0
1
2
1
0
0
1
0
1
1
0
1
1
1
0
1
1
1
1
1
2
1
0
0
0
1
1
1
0
0
1
1
0
2
0
0
0
1
2
1
2
0
2
0
1
0
2
1
1
1
0
1
0
0
1
0
0
0
2
0
0
0
0
0
0
1
0
0
0
1
1
0
0
0
1
0
0
0
0
0
1
1
0
1
1
0
0
0
0
1
0
0
0
0
0
1
0
0
0
1
0
0
0
0
0
1
0
1
1
1
0
0
0
0
0
0
1
1
0
1
0
1
0
0
0
1
0
0
0
1
0
0
1
1
0
0
1
0
0
0
0
1
0
0
0
0
0
0
1
0
0
0
1
0
0
0
1
1
0
1
0
0
0
0
1
0
0
0
0
0
0
0
0
1
0
0
1
0
2
0
0
0
0
1
1
0
0
0
1
0
1
0
2
1
0
1
0
1
0
0
0
0
1
1
0
0
0
0
0
0
1
0
1
0
0
1
0
2
0
0
0
2
1
0
2
0
1
1
0
0
1
1
0
1
2
1
2
1
3
0
0
2
1
1
1
2
1
2
2
2
2
2
1
2
3
3
3
2
0
2
1
2
1
2
0
2
2
2
3
2
2
3
4
1
1
1
3
4
3
6
2
4
4
4
4
4
3
3
2
6
8
6
3
3
8
1
3
1
3
1
2
1
7
2
3
1
2
2
5
5
4
3
4
2
4
1
1
1
6
3
4
4
2
2
5
3
3
3
4
5
5
4
3
1
3
1
4
3
2
3
6
2
4
1
6
2
3
1
4
1
4
3
2
1
2
5
5
1
0
0
3
2
1
0
0
2
3
5
2
1
2
1
1
3
4
2
1
2
2
0
1
1
0
1
0
2
0
1
0
1
0
1
0
4
0
2
0
1
2
0
1
0
0
1
0
1
0
2
1
0
1
1
0
1
0
1
1
0
1
0
0
0
0
0
0
1
0
0
0
0
0
1
0
0
0
0
0
0
1
0
0
2
0
0
1
0
0
0
0
0
1
0
1
0
1
0
0
0
0
0
0
0
1
1
0
2
0
0
0
0
0
0
0
1
1
0
0
0
0
0
0
0
1
0
0
0
0
0
0
0
0
0
0
0
1
0
0
0
0
0
0
0
0
1
0
0
0
0
0
0
1
0
0
1
0
0
0
0
0
0
1
0
1
0
0
0
0
0
1
0
0
0
1
1
0
0
0
1
0
0
0
0
0
0
0
0
1
0
0
1
0
0
0
0
0
0
0
0
0
0
0
0
0
0
0
0
0
0
1
0
0
0
0
0
0
0
0
0
0
0
0
0
0
0
0
0
0
0
0
0
0
0
0
0
0
0
0
1
0
0
0
0
0
0
0
1
0
0
0
0
0
0
0
0
0
0
0
0
0
0
1
0
0
1
0
0
1
1
0
0
1
1
1
0
0
0
0
0
0
0
1
0
0
0
0
0
0
0
0
0
0
0
1
0
1
0
0
0
1
0
0
0
0
0
0
0
0
0
0
0
0
0
0
0
0
0
0
1
0
0
0
0
0
1
2
0
0
1
0
0
0
0
1
0
0
0
0
0
1
0
0
0
0
1
0
0
1
0
0
0
0
0
0
0
0
0
0
0
1
2
0
0
1
0
0
0
0
0
0
1
0
0
0
1
0
0
0
0
1
0
0
0
0
1
0
0
0
0
0
0
1
0
1
0
0
1
3
0
2
0
0
0
0
0
0
0
0
0
0
0
1
0
0
0
0
1
0
0
0
0
1
0
0
0
0
0
0
1
0
0
0
0
0
0
0
1
0
0
0
0
0
0
0
0
0
0
0
1
0
0
0
1
0
0
0
0
0
0
0
0
0
0
0
0
0
0
0
0
0
1
0
0
0
0
0
0
0
0
0
0
0
0
1
0
0
0
0
1
0
0
0
0
0
0
1
0
0
0
0
0
0
0
0
0
0
0
0
0
0
0
0
0
0
0
0
0
0
0
0
0
0
0
0
0
0
1
0
0
0
0
0
0
0
0
0
0
0
0
0
0
1
0
0
0
0
0
0
0
0
0
0
0
0
0
0
0
0
0
0
0
0
0
0
0
0
0
0
0
0
0
0
0
0
0
0
0
0
0
1
0
0
0
0
0
0
0
0
0
0
0
0
0
0
0
0
0
0
0
0
0
0
0
0
0
0
0
0
0
0
0
0
0
0
0
0
0
0
0
0
0
0
0
0
0
0
0
0
0
0
0
0
0
0
0
0
0
0
0
0
0
0
0
0
0
0
0
0
0
0
0
0
0
0
0
0
0
0
0
0
0
0
0
0
0
0
0
0
0
0
0
0
0
0
0
0
0
0
0
0
0
0
0
0
0
0
0
0
0
0
0
0
0
0
0
0
0
0
0
0
0
0
0
0
0
0
0
0
0
0
0
0
0
0
0
0
0
0
0
0
0
0
0
0
0
0
0
0
0
0
0
0
0
0
0
0
0
0
0
0
0
0
0
0
0
0
0
0
0
0
0
0
0
0
0
0
0
0
0
0
0
0
0
0
0
0
0
1
0
0
0
0
0
0
0
0
0
0
0
0
0
0
0
0
0
0
0
0
0
0
0
0
0
0
0
0
0
0
0
0
0
0
0
1
0
0
0
0
0
0
0
0
0
0
0
0
0
0
0
0
0
0
0
0
0
0
0
0
0
0
0
0
0
0
0
0
0
0
0
0
0
0
0
0
0
0
0
0
0
0
0
0
0
0
0
0
0
0
0
0
0
0
0
0
0
0
0
0
0
0
0
0
0
0
0
0
0
0
0
0
0
0
0
0
0
0
0
0
0
0
0
0
0
0
0
0
0
0
0
0
0
0
0
0
0
0
0
0
0
0
0
0
0
0
0
0
0
0
0
0
0
0
0
0
0
0
0
0
0
0
0
0
0
0
0
0
0
0
0
0
0
0
0
0
0
0
0
0
0
0
0
0
0
0
0
0
0
0
0
0
0
0
0
0
0
0
0
0
0
0
0
0
0
0
0
0
0
0
0
0
0
0
1
0
0
0
0
0
0
0
0
0
0
0
0
0
0
0
0
0
0
0
0
0
0
0
0
0
0
0
0
0
0
0
0
0
0
0
0
0
0
0
0
0
0
0
0
0
0
0
0
0
0
0
0
0
0
0
0
0
0
0
0
0
0
0
0
0
0
0
0
0
0
0
0
0
0
0
0
0
0
1
0
0
0
0
0
0
0
0
0
0
0
0
0
0
0
0
0
0
0
0
0
0
0
0
0
0
0
0
0
0
0
0
0
0
0
0
0
0
0
0
0
0
0
0
0
0
0
0
0
0
0
1
0
0
0
0
0
0
0
0
0
0
0
0
0
0
0
0
0
0
0
0
0
0
0
0
0
0
0
0
0
0
0
0
0
0
0
0
0
0
0
0
0
0
0
0
0
0
0
0
0
0
0
0
0
0
0
0
0
0
0
0
0
0
0
0
0
0
0
0
0
0
0
0
0
0
0
0
0
0
0
0
1
0
0
0
0
0
0
0
0
0
0
0
0
0
0
0
0
0
0
0
0
0
0
0
0
0
0
0
0
0
0
0
0
0
0
0
0
0
0
0
0
0
0
0
0
0
0
0
0
0
0
0
0
0
0
0
0
0
0
0
0
0
0
0
0
0
0
0
0
0
0
0
0
0
0
0
0
0
0
0
0
0
0
0
0
0
0
0
0
0
0
0
0
0
0
0
0
0
0
0
0
0
0
0
0
0
0
0
0
0
0
0
0
0
0
0
0
0
0
0
0
0
0
0
0
0
0
0
0
0
0
0
0
0
0
0
0
0
0
0
0
0
0
0
0
0
0
0
0
0
0
0
0
0
0
0
0
0
0
0
0
0
0
0
0
0
0
0
0
0
0
0
0
0
0
0
0
0
0
0
0
0
0
0
0
0
0
0
0
0
0
0
0
0
0
0
0
0
0
0
0
0
0
0
0
0
0
0
0
0
0
0
0
0
0
0
0
0
0
0
0
0
0
0
1
0
0
0
0
0
0
0
0
0
0
0
0
0
0
0
0
0
0
0
0
0
0
0
0
0
0
0
0
0
0
0
0
0
0
0
0
0
0
0
0
0
0
0
0
0
0
0
0
0
0
0
0
0
0
0
0
0
0
0
0
0
0
0
0
0
0
0
0
0
0
0
0
0
0
0
0
0
0
0
0
0
0
0
0
0
0
0
0
0
0
0
0
0
0
0
0
0
0
0
0
0
0
0
0
0
0
0
0
0
0
0
0
0
0
0
0
0
0
0
0
0
0
0
0
0
0
0
0
0
0
0
0
0
0
0
0
0
0
0
0
0
0
0
0
0
0
0
0
0
0
0
0
0
0
0
0
0
0
0
0
0
0
0
0
0
0
0
0
0
0
0
0
0
0
0
0
0
0
0
0
0
0
0
0
0
0
0
0
0
0
0
0
0
0
0
0
0
0
0
0
0
0
0
0
0
0
0
0
0
0
0
0
0
0
0
0
0
0
0
0
0
0
0
0
0
0
0
0
0
0
0
0
0
0
0
0
0
0
0
0
0
0
0
0
0
0
0
0
0
0
0
0
0
0
0
0
0
0
0
0
0
0
0
0
0
0
0
0
0
0
0
0
0
0
0
0
0
0
0
0
0
0
0
0
0
0
0
0
0
0
0
0
0
0
0
0
0
0
0
0
0
0
0
0
0
0
0
0
0
0
0
0
0
0
0
0
0
0
0
0
0
0
0
0
0
0
0
0
0
0
0
0
0
0
0
0
0
0
0
0
0
0
0
0
0
0
0
0
0
0
0
0
0
0
0
0
0
0
0
0
0
0
0
0
0
0
0
0
0
0
0
0
0
0
0
0
0
0
0
0
0
0
0
0
0
0
0
0
0
0
0
0
0
0
0
0
0
0
0
1
0
0
0
0
0
0
0
0
0
0
0
0
0
0
0
0
0
0
0
0
0
0
0
0
0
0
0
0
0
0
0
0
0
0
0
0
0
0
0
0
0
0
0
0
0
0
0
0
0
0
0
0
0
1
0
0
0
0
0
0
0
0
0
0
0
0
0
0
0
0
0
0
0
0
0
0
0
0
0
0
0
0
0
0
0
0
0
0
0
0
0
0
0
0
0
0
0
0
0
0
0
0
0
0
0
0
0
0
0
0
0
0
0
0
0
0
0
0
0
0
0
0
0
0
0
0
0
0
0
0
0
0
0
0
0
0
0
0
0
0
0
0
0
0
0
0
0
0
0
0
0
0
0
0
0
0
0
0
0
0
0
0
0
0
0
0
0
0
0
0
0
0
0
0
0
0
0
0
0
0
0
0
0
0
0
0
0
0
0
0
0
0
0
0
0
0
0
0
0
0
0
0
0
0
0
0
0
0
0
0
0
0
0
0
0
0
0
0
0
0
0
0
0
0
0
0
0
0
0
0
0
0
0
0
0
0
0
0
0
0
0
0
0
0
0
0
0
0
0
0
0
0
0
0
0
0
0
0
0
0
0
0
0
0
0
0
0
0
0
1
0
0
0
0
0
0
0
0
0
0
0
0
0
0
0
0
0
0
0
0
0
0
0
0
0
0
0
0
0
0
0
0
0
0
0
0
0
0
0
0
0
0
0
0
0
0
0
0
0
0
0
0
0
0
0
0
0
0
0
0
0
0
0
0
0
0
0
0
0
0
0
0
0
0
0
0
0
0
0
0
0
0
0
0
0
0
0
0
0
0
0
0
0
0
0
0
0
0
0
0
0
0
0
0
0
0
0
0
0
0
0
0
0
0
0
0
0
0
0
0
0
0
0
0
0
0
0
0
0
0
0
0
0
0
0
0
0
0
0
0
0
0
0
0
0
0
0
0
0
0
0
0
0
0
0
0
0
0
0
0
0
0
0
0
0
0
0
0
0
0
0
0
0
0
0
0
0
0
0
0
0
0
0
0
0
0
0
0
0
0
0
0
0
0
0
0
0
0
0
0
0
0
0
0
0
0
0
0
0
0
0
0
0
0
0
0
0
0
0
0
0
0
0
0
0
0
0
0
0
0
0
0
0
0
0
0
0
0
0
0
0
0
0
0
0
0
0
0
0
0
0
0
0
0
0
0
0
0
0
0
0
0
0
0
0
0
0
0
0
0
0
0
0
0
0
0
0
0
0
0
0
0
0
0
0
0
0
0
0
0
0
0
0
0
0
0
0
0
0
0
0
0
0
0
0
0
0
0
0
0
0
0
0
0
0
0
0
0
0
1
0
0
0
0
0
0
0
0
0
1
0
0
0
0
0
0
0
0
0
0
0
0
0
0
0
0
0
0
0
0
0
0
0
0
0
0
0
0
0
0
0
0
0
0
0
0
0
0
0
0
0
0
0
0
0
0
0
0
0
0
0
0
0
0
0
0
0
0
0
0
0
0
0
0
0
0
0
0
0
0
0
0
0
0
0
0
0
0
0
0
0
0
0
0
0
0
0
0
0
0
0
0
0
0
0
0
0
0
0
0
0
0
0
0
0
0
0
0
0
0
0
0
0
0
0
0
0
0
0
0
0
0
0
0
0
0
0
0
0
0
0
0
0
0
0
0
0
0
0
0
0
0
0
0
0
0
0
0
0
0
0
0
0
0
0
0
0
0
0
0
0
0
0
0
0
0
0
0
0
0
0
0
0
0
0
0
0
0
0
0
0
0
0
0
0
0
0
0
0
0
0
0
0
0
0
0
0
0
0
0
0
0
0
0
0
0
0
0
0
0
0
0
0
0
0
0
0
0
0
0
0
0
0
0
0
0
0
0
0
0
0
0
0
0
0
0
0
0
0
0
0
0
0
0
0
0
0
0
0
0
0
0
0
0
0
0
0
0
0
0
0
0
0
0
0
0
0
0
0
0
0
0
0
0
0
0
0
0
0
0
0
0
0
0
0
0
0
0
0
0
0
0
0
0
0
1
0
0
0
0
0
0
0
0
0
0
0
0
0
0
0
0
0
0
0
0
0
0
0
0
0
0
0
0
0
0
0
0
0
0
0
0
0
0
0
0
0
0
0
0
0
0
0
0
0
0
0
0
0
0
0
0
0
0
0
0
0
0
0
0
0
0
0
0
0
0
0
0
0
0
0
0
0
0
0
0
0
0
0
0
0
0
0
0
0
0
0
0
0
0
0
0
0
0
0
0
0
0
0
0
0
0
0
0
0
0
0
0
0
0
0
0
0
0
0
0
0
0
0
0
0
0
0
0
0
0
0
0
0
1
0
0
0
0
0
0
0
0
0
0
0
0
0
0
0
0
0
0
0
0
0
0
0
0
0
0
0
0
0
0
0
0
0
0
0
0
0
0
0
0
0
0
0
0
0
0
0
0
0
0
0
0
0
0
0
0
0
0
0
0
0
0
0
0
0
0
0
0
0
0
0
0
0
0
0
0
0
0
0
0
0
0
0
0
0
0
0
0
0
0
0
0
0
0
0
0
0
0
0
0
0
0
0
0
0
0
0
0
0
0
0
0
0
0
0
0
0
0
0
0
0
0
0
0
0
0
0
0
0
0
0
0
0
0
0
0
0
0
0
0
0
0
0
0
0
0
0
0
0
0
0
0
0
0
0
0
0
0
0
0
0
0
0
0
0
0
0
0
0
0
0
0
0
0
0
0
0
0
0
0
0
0
0
0
0
0
0
0
0
0
0
0
0
0
0
0
0
0
0
0
0
0
0
0
0
0
0
0
0
0
0
0
0
0
0
0
0
0
0
0
0
0
0
0
0
0
0
0
0
0
0
0
0
0
0
0
0
0
0
0
0
0
0
0
0
0
0
0
0
0
0
0
0
0
0
0
0
0
0
0
0
0
0
0
0
0
0
0
0
0
0
0
0
0
0
0
0
0
0
0
0
0
0
0
0
0
0
0
0
0
0
0
0
0
0
0
0
0
0
0
0
0
0
0
0
0
0
0
0
0
0
0
0
0
0
0
0
0
0
0
0
0
0
0
0
0
0
0
0
0
0
0
0
0
0
0
0
0
0
0
0
0
0
0
0
0
0
0
0
0
0
0
0
0
0
0
0
0
0
0
0
0
0
0
0
0
0
0
0
0
0
0
0
0
0
0
0
0
0
0
0
0
0
0
0
0
0
0
0
0
0
0
0
0
0
0
0
0
0
0
0
0
0
0
0
0
0
0
0
0
0
0
0
0
0
0
0
0
0
0
0
0
0
0
0
0
0
0
0
0
0
0
0
0
0
0
0
0
0
0
0
0
0
0
0
0
0
0
0
0
0
0
0
0
0
0
0
0
0
0
0
0
0
0
0
0
0
0
0
0
0
0
0
0
0
0
0
0
0
0
0
0
0
0
0
0
0
0
0
0
0
0
0
0
0
0
0
0
0
0
0
0
0
0
0
0
0
0
0
0
0
0
0
0
0
0
0
0
0
0
0
0
0
0
0
0
0
0
0
0
0
0
0
0
0
0
0
0
0
0
0
0
0
0
0
0
0
0
0
0
0
0
0
0
0
0
0
0
0
0
0
0
0
0
0
0
0
0
0
0
0
0
0
0
0
0
0
0
0
0
0
0
0
0
0
0
0
0
0
0
0
0
0
0
0
0
0
0
0
0
0
0
0
0
0
0
0
0
0
0
0
0
0
0
0
0
0
0
0
0
0
0
0
0
0
0
0
0
0
0
0
0
0
0
0
0
0
0
0
0
0
0
0
0
0
0
0
0
0
0
0
0
0
0
0
0
0
0
0
0
0
0
0
0
0
0
0
0
0
0
0
0
0
0
0
0
0
0
0
0
0
0
0
0
0
0
0
0
0
0
0
0
0
0
0
0
0
0
0
0
0
0
0
0
0
0
0
0
0
0
0
0
0
0
0
0
0
0
0
0
0
0
0
0
0
0
0
0
0
0
0
0
0
0
0
0
0
0
0
0
0
0
0
0
0
0
0
0
0
0
0
0
0
0
0
0
0
0
0
0
0
0
0
0
0
0
0
0
0
0
0
0
0
0
0
0
0
0
0
0
0
0
0
0
0
0
0
0
0
0
0
0
0
0
0
0
0
0
0
0
0
0
0
0
0
0
0
0
0
1
0
0
0
0
0
0
0
0
0
0
0
0
0
0
0
0
0
0
0
0
0
0
0
0
0
0
0
0
0
0
0
0
0
0
0
0
0
0
0
0
0
0
0
0
0
0
0
0
0
0
0
0
0
0
0
0
0
0
0
0
0
0
0
0
0
0
0
0
0
0
0
0
0
0
0
0
0
0
0
0
0
0
0
0
0
0
0
0
0
0
0
0
0
0
0
0
0
0
0
0
0
0
0
0
0
0
0
0
0
0
0
0
0
0
0
0
0
0
0
0
0
0
0
0
0
0
0
0
0
0
0
0
0
0
0
0
0
0
0
0
0
0
0
0
0
0
0
0
0
0
0
0
0
0
0
0
0
0
0
0
0
0
0
0
0
0
0
0
0
0
0
0
0
0
0
0
0
0
0
0
0
0
0
0
0
0
0
0
0
0
0
0
0
0
0
0
0
0
0
0
0
0
0
0
0
0
0
0
0
0
0
0
0
0
0
0
0
0
0
0
0
0
0
0
0
0
0
0
0
0
0
0
0
0
0
0
0
0
0
0
0
0
0
0
0
0
0
0
0
0
0
0
0
0
0
0
0
0
0
0
0
0
0
0
0
0
0
0
0
0
0
0
0
0
0
0
0
0
0
0
0
0
0
0
0
0
0
0
0
0
0
0
0
0
0
0
0
0
0
0
0
0
0
0
0
0
0
0
0
0
0
0
0
0
0
0
0
0
0
0
0
0
0
0
0
0
0
0
0
0
0
0
0
0
0
0
0
0
0
0
0
0
0
0
0
0
0
0
0
0
0
0
0
0
0
0
0
0
0
0
0
0
0
0
0
0
0
0
0
0
0
0
0
0
0
0
0
0
0
0
0
0
0
0
0
0
0
0
0
0
0
0
0
0
0
0
0
0
0
0
0
0
0
0
0
0
0
0
0
0
0
0
0
0
0
0
0
0
0
0
0
0
0
0
0
0
0
0
0
0
0
0
0
0
0
0
0
0
0
0
0
0
0
0
0
0
0
0
0
0
0
0
0
0
0
0
0
0
0
0
0
0
0
0
0
0
0
0
0
0
0
0
0
0
0
0
0
0
0
0
0
0
0
0
0
0
0
0
0
0
0
0
0
0
0
0
0
0
0
0
0
0
0
0
0
0
0
0
0
0
0
0
0
0
0
0
0
0
0
0
0
0
0
0
0
0
0
0
0
0
0
0
0
0
0
0
0
0
0
0
0
0
0
0
0
0
0
0
1
0
0
0
0
0
0
0
0
0
0
0
0
0
0
0
0
0
0
0
0
0
0
0
0
0
0
0
0
0
0
0
0
0
0
0
0
0
0
0
0
0
0
0
0
0
0
0
0
0
0
0
0
0
0
0
0
0
0
0
0
0
0
0
0
0
0
0
0
0
0
0
0
0
0
0
0
0
0
0
0
0
0
0
0
0
0
0
0
0
0
0
0
0
0
0
0
0
0
0
0
0
0
0
0
0
0
0
0
0
0
0
0
0
0
0
0
0
0
0
0
0
0
0
0
0
0
0
0
0
0
0
0
0
0
0
0
0
0
0
0
0
0
0
0
0
0
0
0
0
0
0
0
0
0
0
0
0
0
0
0
0
0
0
0
0
0
0
0
0
0
0
0
0
0
0
0
0
0
0
0
0
0
0
0
0
0
0
0
0
0
0
0
0
0
0
0
0
0
0
0
0
0
0
0
0
0
0
0
0
0
0
0
0
0
0
0
0
0
0
0
0
0
0
0
0
0
0
0
0
0
0
0
0
0
0
0
0
0
0
0
0
0
0
0
0
0
0
0
0
0
0
0
0
0
0
0
0
0
0
0
0
0
0
0
0
0
0
0
0
0
0
0
0
0
0
0
0
0
0
0
0
0
0
0
0
0
0
0
0
0
0
0
0
0
0
0
0
0
0
0
0
0
0
0
0
0
0
0
0
0
0
0
0
0
0
0
0
0
0
0
0
0
0
0
0
0
0
0
0
0
0
0
0
0
0
0
0
0
0
0
0
0
0
0
0
0
0
0
0
0
0
0
0
0
0
0
0
0
0
0
0
0
0
0
0
0
0
0
0
0
0
0
0
0
0
0
0
0
0
0
0
0
0
0
0
0
0
0
0
0
0
0
0
0
0
0
0
0
0
0
0
0
0
0
0
0
0
0
0
0
0
0
0
0
0
0
0
0
0
0
0
0
0
0
0
0
0
0
0
0
0
0
0
0
0
0
0
0
0
0
0
0
0
0
0
0
0
0
0
0
0
0
0
0
0
0
0
0
0
0
0
0
0
0
0
0
0
0
0
0
0
0
0
0
0
0
0
0
0
0
0
0
0
0
0
0
0
0
0
0
0
0
0
0
0
0
0
0
0
0
0
0
0
0
0
0
0
0
0
0
0
0
0
0
0
0
0
0
0
0
0
0
0
0
0
0
0
0
0
0
0
0
0
0
0
0
0
0
0
0
0
0
0
0
0
0
0
0
0
0
0
0
0
0
0
0
0
0
0
0
0
0
0
0
0
0
0
0
0
0
0
0
0
0
0
0
0
0
0
0
0
0
0
0
0
0
0
0
0
0
0
0
0
0
0
0
0
0
0
0
0
0
0
0
0
0
0
0
0
0
0
0
0
0
0
0
0
0
0
0
0
0
0
0
0
0
0
0
0
0
0
0
0
0
0
0
0
0
0
0
0
0
0
0
0
0
0
0
0
0
0
0
0
0
0
0
0
0
0
0
0
0
0
0
0
0
0
0
0
0
0
0
0
0
0
0
0
0
0
0
0
0
0
0
0
0
0
0
0
0
0
0
0
0
0
0
0
0
0
0
0
0
0
0
0
0
0
0
0
0
0
0
0
0
0
0
0
0
0
0
0
0
0
0
0
0
0
0
0
0
0
0
0
0
0
0
0
0
0
0
0
0
0
0
0
0
0
0
0
0
0
0
0
0
0
0
0
0
0
0
0
0
0
0
0
0
0
0
0
0
0
0
0
0
0
0
0
0
0
0
0
0
0
0
0
0
0
0
0
0
0
0
0
0
0
0
0
0
0
0
0
0
0
0
0
0
0
0
0
0
0
0
0
0
0
0
0
0
0
0
0
0
0
0
0
0
0
0
0
0
0
0
0
0
0
0
0
0
0
0
0
0
0
0
0
0
0
0
0
0
0
0
0
0
0
0
0
0
0
0
0
0
0
0
0
0
0
0
0
0
0
0
0
0
0
0
0
0
0
0
0
0
0
0
0
0
0
0
0
0
0
0
0
0
0
0
0
0
0
0
0
0
0
0
0
0
0
0
0
0
0
0
0
0
0
0
0
0
0
0
0
0
0
0
0
0
0
0
0
0
0
0
0
0
0
0
0
0
0
0
0
0
0
0
0
0
0
0
0
0
0
0
0
0
0
0
0
0
0
0
0
0
0
0
0
0
0
0
0
0
0
0
0
0
0
0
0
0
0
0
0
0
0
0
0
0
0
0
0
0
0
0
0
0
0
0
0
0
0
0
0
0
0
0
0
0
0
0
0
0
0
0
0
0
0
0
0
0
0
0
0
0
0
0
0
0
0
0
0
0
0
0
0
0
0
0
0
0
0
0
0
0
0
0
0
0
0
0
0
0
0
0
0
0
0
0
0
0
0
0
0
0
0
0
0
0
0
0
0
0
0
0
0
0
0
0
0
0
0
0
0
0
0
0
0
0
0
0
0
0
0
0
0
0
0
0
0
0
0
0
0
0
0
0
0
0
0
0
0
0
0
0
0
0
0
0
0
0
0
0
0
0
0
0
0
0
0
0
0
0
0
0
0
0
0
0
0
0
0
0
0
0
0
0
0
0
0
0
0
0
0
0
0
0
0
0
0
0
0
0
0
0
0
0
0
0
0
0
0
0
0
0
0
0
0
0
0
0
0
0
0
0
0
0
0
0
0
0
0
0
0
0
0
0
0
0
0
0
0
0
0
0
0
0
0
0
0
0
0
0
0
0
0
0
0
0
0
0
0
0
0
0
0
0
0
0
0
0
0
0
0
0
0
0
0
0
0
0
0
0
0
0
0
0
0
0
0
0
0
0
0
0
0
0
0
0
0
0
0
0
0
0
0
0
0
0
0
0
0
0
0
0
0
0
0
0
0
0
0
0
0
0
0
0
0
0
0
0
0
0
0
0
0
0
0
0
0
0
0
0
0
0
0
0
0
0
0
0
0
0
0
0
0
0
0
0
0
0
0
0
0
0
0
0
0
0
0
0
0
1
0
0
0
0
0
0
0
0
0
0
0
0
0
0
0
0
0
0
0
0
0
0
0
0
0
0
0
0
0
0
0
0
0
0
0
0
0
0
0
0
0
0
0
0
0
0
0
0
0
0
0
0
0
0
0
0
0
0
0
0
0
0
0
0
0
0
0
0
0
0
0
0
0
0
0
0
0
0
0
0
0
0
0
0
0
0
0
0
0
0
0
0
0
0
0
0
0
0
0
0
0
0
0
0
0
0
0
0
0
0
0
0
0
0
0
0
0
0
0
0
0
0
0
0
0
0
0
0
0
0
0
0
0
0
0
0
0
0
0
0
0
0
0
0
0
0
0
0
0
0
0
0
0
0
0
0
0
0
0
0
0
0
0
0
0
0
0
0
0
0
0
0
0
0
0
0
0
0
0
0
0
0
0
0
0
0
0
0
0
0
0
0
0
0
0
0
0
0
0
0
0
0
0
0
0
0
0
0
0
0
0
0
0
0
0
0
0
0
0
0
0
0
0
0
0
0
0
0
0
0
0
0
0
0
0
0
0
0
0
0
0
0
0
0
0
0
0
0
0
0
0
0
0
0
0
0
0
0
0
0
0
0
0
0
0
0
0
0
0
0
0
0
0
0
0
0
0
0
0
0
0
0
0
0
0
0
0
0
0
0
0
0
0
0
0
0
0
0
0
0
0
0
0
0
0
0
0
0
0
0
0
0
0
0
0
0
0
0
0
0
0
0
0
0
0
0
0
0
0
0
0
0
0
0
0
0
0
0
0
0
0
0
0
0
0
0
0
0
0
0
0
0
0
0
0
0
0
0
0
0
0
0
0
0
0
0
0
0
0
0
0
0
0
0
0
0
0
0
0
0
0
0
0
0
0
0
0
0
0
0
0
0
0
0
0
0
0
0
0
0
0
0
0
0
0
0
0
0
0
0
0
0
0
0
0
0
0
0
0
0
0
0
0
0
0
0
0
0
0
0
0
0
0
0
0
0
0
0
0
0
0
0
0
0
0
0
0
0
0
0
0
0
0
0
0
0
0
0
0
0
0
0
0
0
0
0
0
0
0
0
0
0
0
0
0
0
0
0
0
0
0
0
0
0
0
0
0
0
0
0
0
0
0
0
0
0
0
0
0
0
0
0
0
0
0
0
0
0
0
0
0
0
0
0
0
0
0
0
0
0
0
0
0
0
0
0
0
0
0
0
0
0
0
0
0
0
0
0
0
0
0
0
0
0
0
0
0
0
0
0
0
0
0
0
0
0
0
0
0
0
0
0
0
0
0
0
0
0
0
0
0
0
0
0
0
0
0
0
0
0
0
0
0
0
0
0
0
0
0
0
0
0
0
0
0
0
0
0
0
0
0
0
0
0
0
0
0
0
0
0
0
0
0
0
0
0
0
0
0
0
0
0
0
0
0
0
0
0
0
0
0
0
0
0
0
0
0
0
0
0
0
0
0
0
0
0
0
0
0
0
0
0
0
0
0
0
0
0
0
0
0
0
0
0
0
0
0
0
0
0
0
0
0
0
0
0
0
0
0
0
0
0
0
0
0
0
0
0
0
0
0
0
0
0
0
0
0
0
0
0
0
0
0
0
0
0
0
0
0
0
0
0
0
0
0
0
0
0
0
0
0
0
0
0
0
0
0
0
0
0
0
0
0
0
0
0
0
0
0
0
0
0
0
0
0
0
0
0
0
0
0
0
0
0
0
0
0
0
0
0
0
0
0
0
0
0
0
0
0
0
0
0
0
0
0
0
0
0
0
0
0
0
0
0
0
0
0
0
0
0
0
0
0
0
0
0
0
0
0
0
0
0
0
0
0
0
0
0
0
0
0
0
0
0
0
0
0
0
0
0
0
0
0
0
0
0
0
0
0
0
0
0
0
0
0
0
0
0
0
0
0
0
0
0
0
0
0
0
0
0
0
0
0
0
0
0
0
0
0
0
0
0
0
0
0
0
0
0
0
0
0
0
0
0
0
0
0
0
0
0
0
0
0
0
0
0
0
0
0
0
0
0
0
0
0
0
0
0
0
0
0
0
0
0
0
0
0
0
0
0
0
0
0
0
0
0
0
0
0
0
0
0
0
0
0
0
0
0
0
0
0
0
0
0
0
0
0
0
0
0
0
0
0
0
0
0
0
0
0
0
0
0
0
0
0
0
0
0
0
0
0
0
0
0
0
0
0
0
0
0
0
0
0
0
0
0
0
0
0
0
0
0
0
0
0
0
0
0
0
0
0
0
0
0
0
0
0
0
0
0
0
0
0
0
0
0
0
0
0
0
0
0
0
0
0
0
0
0
0
0
0
0
0
0
0
0
0
0
0
0
0
0
0
0
0
0
0
0
0
0
0
0
0
0
0
0
0
0
0
0
0
0
0
0
0
0
0
0
0
0
0
0
0
0
0
0
0
0
0
0
0
0
0
0
0
0
0
0
0
0
0
0
0
0
0
0
0
0
0
0
0
0
0
0
0
0
0
0
0
0
0
0
0
0
0
0
0
0
0
0
0
0
0
0
0
0
0
0
0
0
0
0
0
0
0
0
0
0
0
0
0
0
0
0
0
0
0
0
0
0
0
0
0
0
0
0
0
0
0
0
0
0
0
0
0
0
0
0
0
0
0
0
0
0
0
0
0
0
0
0
0
0
0
0
0
0
0
0
0
0
0
0
0
0
0
0
0
0
0
0
0
0
0
0
0
0
0
0
0
0
0
0
0
0
0
0
0
0
0
0
0
0
0
0
0
0
0
0
0
0
0
0
0
0
0
0
0
0
0
0
0
0
0
0
0
0
0
0
0
0
0
0
0
0
0
0
0
0
0
0
0
0
0
0
0
0
0
0
0
0
0
0
0
0
0
0
0
0
0
0
0
0
0
0
0
0
0
0
0
0
0
0
0
0
0
0
0
0
0
0
0
0
0
0
0
0
0
0
0
0
0
0
0
0
0
0
0
0
0
0
0
0
0
0
0
0
0
0
0
0
0
0
0
0
0
0
0
0
0
0
0
0
0
0
0
0
0
0
0
0
0
0
0
0
0
0
0
0
0
0
0
0
0
0
0
0
0
0
0
0
0
0
0
0
0
0
0
0
0
0
0
0
0
0
0
0
0
0
0
0
0
0
0
0
0
0
0
0
0
0
0
0
0
0
0
0
0
0
0
0
0
0
0
0
0
0
0
0
0
0
0
0
0
0
0
0
0
0
0
0
0
0
0
0
0
0
0
0
0
0
0
0
0
0
0
0
0
0
0
0
0
0
0
0
0
0
0
0
0
0
0
0
0
0
0
0
0
0
0
0
0
0
0
0
0
0
0
0
0
0
0
0
0
0
0
0
0
0
0
0
0
0
0
0
0
0
0
0
0
0
0
0
0
0
0
0
0
0
0
0
0
0
0
0
0
0
0
0
0
0
0
0
0
0
0
0
0
0
0
0
0
0
0
0
0
0
0
0
0
0
0
0
0
0
0
0
0
0
0
0
0
0
0
0
0
0
0
0
0
0
0
0
0
0
0
0
0
0
0
0
0
0
0
0
0
0
0
0
0
0
0
0
0
0
0
0
0
0
0
0
0
0
0
0
0
0
0
0
0
0
0
0
0
0
0
0
0
0
0
0
0
0
0
0
0
0
0
0
0
0
0
0
0
0
0
0
0
0
0
0
0
0
0
0
0
0
0
0
0
0
0
0
0
0
0
0
0
0
0
0
0
0
0
0
0
0
0
0
0
0
0
0
0
0
0
0
0
0
0
0
0
0
0
0
0
0
0
0
0
0
0
0
0
0
0
0
0
0
0
0
0
0
0
0
0
0
0
0
0
0
0
0
0
0
0
0
0
0
0
0
0
0
0
0
0
0
0
0
0
0
0
0
0
0
0
0
0
0
0
0
0
0
0
0
0
0
0
0
0
0
0
0
0
0
0
0
0
0
0
0
0
0
0
0
0
0
0
0
0
0
0
0
0
0
0
0
0
0
0
0
0
0
0
0
0
0
0
0
0
0
0
0
0
0
0
0
0
0
0
0
0
0
0
0
0
0
0
0
0
0
0
0
0
0
0
0
0
0
0
0
0
0
0
0
0
0
0
0
0
0
0
0
0
0
0
0
0
0
0
0
0
0
0
0
0
0
0
0
0
0
0
0
0
0
0
0
0
0
0
0
0
0
0
0
0
0
0
0
0
0
0
0
0
0
0
0
0
0
0
0
0
0
0
0
0
0
0
0
0
0
0
0
0
0
0
0
0
0
0
0
0
0
0
0
0
0
0
0
0
0
0
0
0
0
0
0
0
0
0
0
0
0
0
0
0
0
0
0
0
0
0
0
0
0
0
0
0
0
0
0
0
0
0
0
0
0
0
0
0
0
0
0
0
0
0
0
0
0
0
0
0
0
0
0
0
0
0
0
0
0
0
0
0
0
0
0
0
0
0
0
0
0
0
0
0
0
0
0
0
0
0
0
0
0
0
0
0
0
0
0
0
0
0
0
0
0
0
0
0
0
0
0
0
0
0
0
0
0
0
0
0
0
0
0
0
0
0
0
0
0
0
0
0
0
0
0
0
0
0
0
0
0
0
0
0
0
0
0
0
0
0
0
0
0
0
0
0
0
0
0
0
0
0
0
0
0
0
0
0
0
0
0
0
0
0
0
0
0
0
0
0
0
0
0
0
0
0
0
0
0
0
0
0
0
0
0
0
0
0
0
0
0
0
0
0
0
0
0
0
0
0
0
0
0
0
0
0
0
0
0
0
0
0
0
0
0
0
0
0
0
0
0
0
0
0
0
0
0
0
0
0
0
0
0
0
0
0
0
0
0
0
0
0
0
0
0
0
0
0
0
0
0
0
0
0
0
0
0
0
0
0
0
0
0
0
0
0
0
0
0
0
0
0
0
0
0
0
0
0
0
0
0
0
0
0
0
0
0
0
0
0
0
0
0
0
0
0
0
0
0
0
0
0
0
0
0
0
0
0
0
0
0
0
0
0
0
0
0
0
0
0
0
0
0
0
0
0
0
0
0
0
0
0
0
0
0
0
0
0
0
0
0
0
0
0
0
0
0
0
0
0
0
0
0
0
0
0
0
0
0
0
0
0
0
0
0
0
0
0
0
0
0
0
0
0
0
0
0
0
0
0
0
0
0
0
0
0
0
0
0
0
0
0
0
0
0
0
0
0
0
0
0
0
0
0
0
0
0
0
0
0
0
0
0
0
0
0
0
0
0
0
0
0
0
0
0
0
0
0
0
0
0
0
0
0
0
0
0
0
0
0
0
0
0
0
0
0
0
0
0
0
0
0
0
0
0
0
0
0
0
0
0
0
0
0
0
0
0
0
0
0
0
0
0
0
0
0
0
0
0
0
0
0
0
0
0
0
0
0
0
0
0
0
0
0
0
0
0
0
0
0
0
0
0
0
0
0
0
0
0
0
0
0
0
0
0
0
0
0
0
0
0
0
0
0
0
0
0
0
0
0
0
0
0
0
0
0
0
0
0
0
0
0
0
0
0
0
0
0
0
0
0
0
0
0
0
0
0
0
0
0
0
0
0
0
0
0
0
0
0
0
0
0
0
0
0
0
0
0
0
0
0
0
0
0
0
0
0
0
0
0
0
0
0
0
0
0
0
0
0
0
0
0
0
0
0
0
0
0
0
0
0
0
0
0
0
0
0
0
0
0
0
0
0
0
0
0
0
0
0
0
0
0
0
0
0
0
0
0
0
0
0
0
0
0
0
0
0
0
0
0
0
0
0
0
0
0
0
0
0
0
0
0
0
0
0
0
0
0
0
0
0
0
0
0
0
0
0
0
0
0
0
0
0
0
0
0
0
0
0
0
0
0
0
0
0
0
0
0
0
0
0
0
0
0
0
0
0
0
0
0
0
0
0
0
0
0
0
0
0
0
0
0
0
0
0
0
0
0
0
0
0
0
0
0
0
0
0
0
0
0
0
0
0
0
0
0
0
0
0
0
0
0
0
0
0
0
0
0
0
0
0
0
0
0
0
0
0
0
0
0
0
0
0
0
0
0
0
0
0
0
0
0
0
0
0
0
0
0
0
0
0
0
0
0
0
0
0
0
0
0
0
0
0
0
0
0
0
0
0
0
0
0
0
0
0
0
0
0
0
0
0
0
0
0
0
0
0
0
0
0
0
0
0
0
0
0
0
0
0
0
0
0
0
0
0
0
0
0
0
0
0
0
0
0
0
0
0
0
0
0
0
0
0
0
0
0
0
0
0
0
0
0
0
0
0
0
0
0
0
0
0
0
0
0
