0
0
0
0
0
0
0
0
0
0
0
0
0
0
0
0
0
0
0
0
0
0
0
0
0
0
0
0
0
0
0
0
0
0
0
0
0
0
0
0
0
0
0
0
0
0
0
0
0
0
0
0
0
0
0
0
0
0
0
0
0
0
0
0
0
0
0
0
0
0
0
0
0
0
0
0
0
0
0
0
0
0
0
0
0
0
0
0
0
0
0
0
0
0
0
0
0
0
0
0
0
0
0
0
0
0
0
0
0
0
0
0
0
0
0
0
0
0
0
0
0
0
0
0
0
0
0
0
0
0
0
0
0
0
0
0
0
0
0
0
0
0
0
0
0
0
0
0
0
0
0
0
0
0
0
0
0
0
0
0
0
0
0
0
0
0
0
0
0
0
0
0
0
0
0
0
0
0
0
0
0
0
0
0
0
0
0
0
0
0
0
0
0
0
0
0
0
0
0
0
0
0
0
0
0
0
0
0
0
0
0
0
0
0
0
0
0
0
0
0
0
0
0
0
0
0
0
0
0
0
0
0
0
0
0
0
0
0
0
0
0
0
0
0
0
0
0
0
0
0
0
0
0
0
0
0
0
0
0
0
0
0
0
0
0
0
0
0
0
0
0
0
0
0
0
0
0
0
0
0
0
0
0
0
0
0
0
0
0
0
0
0
0
0
0
0
0
0
0
0
0
0
0
0
0
0
0
0
0
0
0
0
0
0
0
0
0
0
0
0
0
0
0
0
0
1
0
0
0
0
0
0
0
0
0
0
0
0
0
0
0
0
1
0
0
1
0
1
0
0
0
0
0
0
0
0
0
0
0
0
0
0
1
0
0
0
0
1
1
0
0
0
0
0
0
0
0
0
0
0
1
0
0
0
0
0
1
0
0
1
0
1
0
1
2
0
0
0
0
0
0
0
1
0
0
0
1
0
0
0
0
1
0
0
0
0
1
1
0
1
0
0
1
1
0
1
0
0
1
1
0
1
1
0
1
1
2
2
2
0
1
1
1
0
3
0
0
2
1
0
0
0
1
2
0
1
0
1
0
0
1
0
2
0
0
0
0
1
2
1
2
0
1
0
0
0
0
1
1
1
0
0
2
0
1
2
1
2
0
1
2
1
2
3
0
0
1
1
1
1
0
1
2
1
1
1
0
1
2
2
4
1
0
3
2
1
0
0
0
1
1
0
0
1
2
0
2
1
0
2
0
0
3
2
0
0
2
1
1
0
1
0
2
0
1
1
1
2
3
1
2
0
2
1
2
0
0
1
1
1
0
1
2
0
0
1
0
0
0
1
0
2
2
0
0
0
3
1
1
1
1
0
0
1
0
1
2
1
3
1
0
3
1
1
1
0
3
2
3
4
1
1
0
2
1
1
0
2
1
1
1
1
2
2
3
6
0
0
3
0
0
1
4
1
0
2
1
3
2
3
2
3
1
4
10
3
5
3
3
4
3
5
2
3
6
4
6
1
5
4
3
5
3
3
3
0
3
3
2
4
2
2
4
3
3
5
2
2
3
0
3
4
4
0
6
5
4
2
2
2
1
0
1
3
2
3
2
1
3
0
1
1
2
1
1
0
0
2
1
2
0
1
4
2
2
2
3
3
2
1
1
2
0
3
0
2
0
1
2
1
0
1
1
1
2
1
3
4
0
1
1
2
1
1
2
4
0
3
0
1
2
1
0
0
0
0
3
2
3
0
4
0
1
0
3
0
1
3
2
0
1
2
2
0
2
1
0
2
4
0
2
0
2
0
0
5
1
2
2
1
3
2
2
1
1
4
1
0
3
2
2
3
2
1
1
2
1
1
0
2
2
3
2
0
4
3
5
2
1
2
1
2
1
2
4
2
3
1
2
3
2
1
1
1
3
1
0
1
1
1
2
1
0
1
4
1
2
2
0
5
0
2
3
2
3
3
2
1
2
3
2
1
1
2
1
2
0
2
1
2
1
2
1
0
3
1
2
2
5
1
1
3
1
5
1
0
0
2
1
2
0
3
4
1
1
0
1
1
4
3
1
2
4
4
3
0
1
2
1
1
3
1
0
0
1
3
3
3
2
3
1
0
2
1
2
0
2
0
4
6
0
1
3
1
0
0
1
3
1
2
2
1
5
5
2
2
1
1
1
4
3
1
4
4
0
0
4
4
4
0
2
2
0
1
0
2
2
1
4
2
5
4
3
4
2
11
1
5
2
3
3
4
4
1
4
8
2
3
3
4
5
6
5
4
6
5
4
9
13
3
9
12
6
8
12
13
8
5
7
11
10
10
11
10
7
12
11
9
11
8
13
9
15
13
14
19
11
14
10
6
13
8
10
9
16
9
18
12
8
11
6
10
8
12
14
7
11
7
5
8
11
8
6
11
8
14
14
6
8
8
9
9
11
13
16
9
13
10
7
14
12
17
8
10
14
12
11
11
8
12
6
7
7
7
8
14
8
13
8
6
13
12
6
4
5
6
7
5
7
7
7
6
6
4
6
7
3
8
4
4
6
7
3
5
5
6
3
5
5
4
6
1
7
4
5
5
6
2
1
3
2
4
5
4
7
4
4
4
4
3
3
8
2
1
7
2
6
2
7
8
4
3
4
6
4
2
4
5
6
3
3
9
3
4
4
7
8
5
5
5
9
7
11
7
5
9
8
7
7
11
9
12
12
7
8
12
8
7
10
8
9
9
11
13
4
8
11
10
11
12
12
9
12
18
14
15
9
8
13
14
7
11
11
10
18
21
18
18
15
10
13
9
10
11
19
14
22
10
12
10
13
19
11
12
11
7
11
8
8
7
7
11
12
14
13
9
12
3
11
9
9
6
8
8
5
8
5
7
4
9
7
10
2
8
13
8
14
5
10
4
13
7
9
10
7
6
11
11
19
10
13
11
20
17
18
11
10
16
19
12
16
20
14
18
25
19
16
34
27
23
20
18
29
34
37
26
30
20
43
25
33
35
35
26
36
32
27
34
28
24
29
19
17
35
31
24
26
32
27
23
28
27
21
26
24
17
20
14
18
19
12
9
13
14
19
9
5
11
4
8
6
16
6
7
8
7
13
8
5
6
6
7
8
6
4
4
9
10
8
9
3
3
5
3
4
6
1
1
3
4
4
8
5
2
6
5
3
6
5
5
6
4
2
9
2
5
8
2
5
3
2
1
9
4
3
6
10
9
8
6
6
4
5
8
7
13
5
9
6
5
7
7
6
4
6
11
4
12
3
5
6
3
8
12
6
1
3
10
6
1
5
2
4
5
5
4
9
4
5
8
4
2
3
3
6
3
7
4
7
6
10
8
6
5
4
9
6
8
4
3
4
7
3
7
8
8
14
5
5
5
5
7
5
3
7
6
5
7
4
4
3
6
0
10
6
8
4
2
4
6
4
8
3
5
1
4
7
4
5
1
4
2
0
2
1
2
4
5
2
4
3
4
3
4
3
3
4
4
3
1
3
2
4
1
2
3
2
5
8
3
2
3
4
3
3
2
5
1
0
4
4
3
2
5
5
2
4
4
5
6
3
2
4
4
5
3
7
2
3
4
3
3
5
4
2
2
7
6
4
6
7
2
1
2
4
4
2
1
3
5
2
2
6
7
2
4
1
4
2
10
4
6
2
5
4
5
7
2
8
5
1
5
0
2
5
3
4
5
2
9
6
2
5
7
2
4
7
7
4
5
7
4
7
4
3
3
4
7
4
3
3
5
8
1
3
6
3
4
5
5
5
5
5
3
7
4
5
3
8
3
3
4
6
4
9
2
4
5
3
1
3
7
6
4
6
4
3
2
2
1
3
3
4
3
5
4
2
10
2
2
1
2
6
2
5
2
4
5
4
5
6
2
4
2
2
4
2
2
2
4
2
2
0
1
1
5
1
2
3
2
4
2
1
4
6
2
4
8
4
4
3
4
1
2
3
2
2
3
2
6
4
3
2
3
1
8
2
6
3
6
1
7
6
1
5
2
6
3
3
5
1
2
2
5
3
0
4
2
5
7
3
3
2
2
1
7
3
4
1
4
7
7
5
2
4
2
5
0
4
2
8
2
5
4
5
3
2
2
2
8
4
8
5
6
2
2
4
2
4
1
3
4
5
6
4
2
2
4
5
3
2
2
3
9
4
5
6
5
6
1
4
3
9
3
1
3
3
4
5
12
4
5
4
4
2
4
3
3
6
4
7
2
4
2
4
3
2
4
7
5
1
7
4
7
8
0
5
6
6
2
5
4
2
5
1
6
3
4
3
1
4
8
7
6
4
5
9
4
3
3
5
3
2
6
4
3
3
3
5
5
3
0
3
4
4
4
3
3
4
7
4
7
3
7
2
4
6
2
5
5
3
7
1
6
3
10
8
3
6
3
5
7
7
6
5
6
5
5
4
1
2
4
6
6
5
5
6
1
6
3
3
4
2
5
3
3
1
7
2
4
8
5
1
8
5
4
3
2
2
1
4
6
7
3
9
5
8
3
6
4
5
7
5
4
7
3
4
6
6
4
3
4
5
5
5
5
5
5
8
6
3
7
2
8
6
3
4
7
4
5
7
5
6
5
8
3
4
5
9
2
5
7
8
5
3
8
6
12
7
4
3
8
5
7
8
3
7
6
9
6
2
11
6
4
8
4
5
10
7
12
10
8
8
8
9
9
10
9
8
10
8
5
12
11
8
10
6
6
13
7
9
4
8
10
6
8
8
7
4
7
12
9
4
3
7
4
5
1
12
7
8
10
7
8
8
3
6
2
8
6
6
7
5
5
6
8
10
9
10
8
2
6
5
7
7
2
5
5
4
7
5
5
8
10
5
8
14
4
5
7
6
9
13
7
6
4
5
6
8
7
7
7
10
12
7
5
6
5
11
8
5
2
10
5
12
7
6
4
7
10
7
7
6
9
9
9
9
7
9
7
5
9
7
7
8
6
9
9
6
7
11
7
10
6
11
10
7
18
10
10
6
8
7
6
10
10
11
6
9
10
6
8
10
4
7
9
7
3
15
8
10
12
6
10
8
9
8
8
12
5
10
13
11
10
11
11
5
11
12
13
8
11
9
9
12
12
5
5
10
11
10
16
6
6
11
10
11
5
9
13
8
14
11
11
4
13
10
11
12
10
8
10
4
11
6
17
15
10
8
12
8
8
15
9
11
12
8
18
10
17
6
13
15
9
9
18
9
14
11
10
13
19
17
13
10
15
15
12
9
12
9
20
16
11
18
16
7
6
10
14
12
15
15
16
13
14
16
8
13
19
20
13
5
23
12
15
15
8
21
25
17
17
13
16
17
17
29
16
16
25
18
16
22
17
22
20
20
18
22
23
22
28
18
20
19
23
28
29
30
27
29
33
34
37
34
29
37
35
31
29
28
39
29
42
39
28
30
45
40
34
36
35
43
40
43
52
44
38
46
52
44
43
47
42
56
41
49
47
53
59
47
48
55
53
48
59
36
53
55
72
65
52
73
58
53
48
63
62
73
59
52
55
71
67
62
55
59
60
76
60
50
57
51
70
55
47
67
67
64
57
49
51
57
48
51
54
51
36
37
46
43
47
31
44
41
47
46
50
42
34
33
34
39
40
36
48
35
36
36
44
33
33
31
24
25
28
24
36
31
31
23
23
33
25
32
20
21
27
22
21
26
24
28
20
21
27
16
17
29
21
24
19
23
20
29
20
19
29
32
22
14
38
18
32
22
14
22
23
22
22
22
21
23
22
15
17
22
24
29
23
15
19
30
15
25
18
30
19
28
25
31
32
28
31
28
21
23
23
31
23
20
15
22
27
23
14
34
26
23
22
31
23
27
33
19
23
22
10
29
19
15
20
30
26
26
21
32
19
36
26
28
27
23
25
25
21
26
28
22
23
18
25
36
29
19
30
33
24
35
26
27
27
28
25
38
28
21
29
32
34
24
27
40
26
40
37
41
28
30
24
32
31
38
33
30
28
38
42
26
27
31
33
26
40
31
23
28
24
35
31
38
23
42
29
29
27
29
31
26
23
24
31
24
42
16
30
37
35
25
13
30
26
31
24
18
31
30
30
28
30
19
31
21
29
33
24
24
25
25
43
28
21
25
21
34
32
29
25
23
24
24
19
20
24
34
17
26
21
24
22
30
15
23
22
16
17
20
17
23
23
26
17
21
16
15
16
25
22
18
26
14
19
26
15
22
22
20
27
11
17
16
28
20
27
24
21
25
26
23
15
20
18
27
22
18
23
13
33
27
20
22
33
46
40
32
32
36
37
39
46
46
55
50
43
55
54
64
73
72
78
88
86
95
104
91
128
144
114
135
166
142
171
179
191
194
215
246
219
265
252
297
296
311
327
307
351
344
378
384
370
401
476
438
471
511
527
517
540
559
571
581
656
675
701
658
680
710
738
775
696
730
744
804
793
787
804
791
775
841
852
766
833
881
829
819
842
805
868
801
787
805
832
760
780
748
715
786
748
739
708
716
675
725
672
612
628
572
624
551
541
564
508
519
504
472
467
425
364
391
399
357
352
335
312
330
290
280
256
256
243
237
210
222
210
199
167
173
142
141
138
137
118
124
106
95
94
90
101
86
71
80
94
60
64
55
55
51
73
59
45
48
46
45
47
44
33
43
23
38
38
33
22
20
37
34
24
25
25
34
37
20
27
31
25
27
24
24
16
14
25
17
12
16
23
17
12
14
15
15
17
8
15
16
18
19
20
11
23
20
23
18
16
21
17
10
10
23
19
20
18
16
13
18
19
23
21
17
17
26
15
22
15
25
16
17
16
22
26
24
18
20
15
25
19
28
18
19
20
20
25
24
31
21
34
30
31
37
25
25
19
23
32
21
20
22
32
29
35
33
21
27
40
33
32
37
35
45
34
46
34
27
34
38
40
42
46
44
40
42
46
44
37
45
42
52
50
42
46
72
49
45
49
56
52
71
63
72
64
57
67
66
60
57
72
76
66
62
65
70
72
70
71
78
87
81
110
86
99
90
107
92
85
97
107
109
106
114
127
120
124
138
141
139
128
132
152
136
159
161
164
147
204
199
184
197
176
168
167
193
204
192
193
180
208
186
220
172
216
206
178
211
232
192
190
200
198
214
178
215
190
200
195
212
172
195
192
160
182
167
174
164
167
173
170
165
146
155
146
165
145
132
153
115
127
125
111
119
116
104
85
105
90
92
83
83
76
88
76
75
71
67
67
64
66
48
53
62
61
66
44
38
46
42
51
39
40
30
39
34
36
32
30
32
30
28
30
31
17
28
32
25
17
19
14
24
24
27
19
24
16
23
11
27
22
20
7
22
33
15
17
21
17
24
21
22
20
18
19
24
19
24
15
13
20
13
20
21
12
23
12
18
19
19
18
23
19
20
25
22
15
28
23
20
26
31
32
22
26
29
23
29
31
26
31
19
29
28
26
27
22
28
30
29
31
38
34
23
27
45
33
32
37
38
39
35
37
35
56
28
29
26
32
39
39
41
38
30
27
38
31
35
43
34
45
40
39
35
39
37
39
34
47
29
31
22
34
41
35
40
47
33
38
37
26
34
27
33
27
40
37
46
38
33
39
39
39
32
37
33
35
26
32
25
24
25
32
24
29
28
30
16
31
23
27
31
21
14
24
21
26
26
17
31
17
19
23
22
18
19
15
28
23
20
24
19
26
15
14
15
17
20
12
16
14
21
18
14
14
22
20
20
29
14
13
11
20
16
19
10
18
22
12
15
15
19
19
25
25
25
23
15
13
15
26
17
29
24
18
14
25
23
25
19
26
21
18
21
21
27
24
24
20
27
23
31
30
23
25
21
20
18
20
19
33
27
24
18
22
28
23
27
24
25
20
24
13
26
27
31
14
26
22
25
22
30
18
25
27
20
19
20
20
28
28
29
32
16
24
25
19
22
26
24
26
28
24
29
31
20
20
27
27
23
18
23
26
18
37
16
28
41
24
25
17
23
38
27
29
27
20
30
18
34
33
20
24
31
40
28
28
30
27
28
34
24
37
30
37
33
31
27
34
28
25
30
31
37
23
28
43
35
35
32
29
43
36
39
25
30
24
28
31
29
29
28
31
31
34
36
35
26
36
35
31
30
44
30
25
32
35
31
32
25
41
33
38
40
44
40
54
32
44
43
56
31
39
41
43
41
40
36
37
54
38
41
38
35
44
39
31
48
42
50
32
51
30
51
42
50
46
41
57
35
49
40
52
49
49
51
45
59
61
44
59
43
53
47
39
43
48
66
54
38
71
51
59
59
67
44
66
50
57
49
51
47
63
62
45
62
61
57
48
60
62
59
53
68
62
70
57
61
65
53
53
55
56
56
60
57
60
76
63
57
65
63
63
72
69
70
71
56
94
77
55
76
59
77
62
59
77
77
79
74
100
86
93
87
89
91
71
103
100
91
90
96
103
117
113
112
112
123
128
129
139
160
172
185
156
200
200
219
230
259
272
264
312
351
362
334
402
410
458
465
549
577
602
627
666
731
728
876
913
914
1000
1142
1180
1254
1293
1329
1491
1585
1698
1844
1989
1942
2168
2288
2468
2502
2761
2819
2990
3165
3382
3544
3832
3899
4018
4367
4548
4712
4968
5193
5384
5697
5785
6073
6481
6581
6736
7126
7534
7564
7935
8050
8521
8473
8884
9199
9522
9859
9930
10112
10534
10699
10970
11140
11274
11637
11722
12094
12206
12628
12515
12800
13265
12999
13069
13471
13414
13508
13592
13730
14048
13848
13829
13955
13915
13892
13865
13818
13761
13718
13626
13620
13372
13366
13159
12885
13101
12672
12409
12517
12356
12208
11898
11514
11501
11179
11037
10609
10463
10219
10039
9749
9507
9138
8957
8673
8588
8170
7949
7471
7434
7154
7040
6525
6314
6062
6023
5706
5443
5104
4937
4764
4646
4457
4064
4047
3877
3624
3414
3435
3161
2989
2863
2643
2595
2427
2342
2127
2010
1920
1931
1763
1650
1527
1382
1374
1279
1168
1114
1094
986
968
972
857
767
768
689
660
577
579
551
526
457
469
433
396
445
362
364
312
299
288
239
271
237
257
223
205
253
195
193
161
146
160
140
144
129
134
121
102
121
101
102
95
92
99
88
69
83
88
96
88
82
90
79
78
64
54
68
60
52
65
51
48
54
50
51
44
41
30
43
50
46
37
37
46
46
49
56
42
40
39
31
36
38
41
32
42
43
45
26
45
45
33
32
32
34
36
26
38
34
44
27
34
36
29
39
30
31
36
32
34
36
37
30
23
37
27
36
28
25
39
35
36
29
35
36
31
26
30
40
37
33
32
47
38
34
33
31
41
27
34
23
29
38
28
30
28
33
28
32
31
32
29
33
32
33
36
29
35
42
44
36
23
34
42
31
35
43
41
36
30
40
44
41
35
25
40
39
30
39
39
41
44
38
41
44
34
44
25
37
36
48
55
46
55
38
43
39
48
52
35
60
61
41
60
49
48
54
52
48
59
48
49
55
55
56
45
58
56
64
33
47
47
49
63
72
68
67
66
87
79
72
80
63
64
70
64
76
81
89
84
94
98
109
104
95
93
101
124
133
130
125
146
141
151
177
141
158
162
162
182
209
228
206
221
230
244
268
288
272
302
339
340
342
387
369
447
406
442
463
493
546
522
540
600
592
639
656
706
746
815
746
811
815
959
917
933
940
989
1061
1088
1112
1177
1133
1184
1231
1282
1304
1346
1442
1485
1460
1438
1531
1509
1532
1592
1660
1685
1747
1726
1662
1797
1767
1811
1855
1875
1843
1904
1892
1874
1945
1968
1869
1955
1982
1960
1916
1969
1994
2012
1942
1960
1966
1894
1956
1951
1843
1800
1842
1837
1758
1769
1702
1767
1783
1714
1636
1599
1549
1567
1548
1470
1417
1403
1419
1321
1303
1322
1273
1209
1187
1157
1103
1102
1049
989
968
945
927
891
799
790
801
712
697
717
684
606
614
563
544
514
509
482
436
437
409
391
385
355
319
361
300
302
293
266
217
258
216
217
206
175
205
150
152
143
155
130
120
127
106
117
98
97
97
86
81
79
79
61
60
64
67
55
49
53
38
54
45
33
47
26
24
18
32
34
24
24
24
27
24
13
19
21
17
16
16
15
11
20
10
9
14
9
11
10
7
7
3
12
6
9
5
10
10
2
7
6
7
7
5
4
9
5
4
6
6
4
4
1
4
3
6
4
3
4
3
7
5
5
2
4
4
3
5
1
3
4
3
0
3
2
3
5
5
2
1
2
3
1
2
5
5
1
2
3
3
3
2
7
3
4
3
4
2
6
4
3
1
5
2
2
2
5
2
1
6
2
5
6
1
1
11
3
5
5
3
6
6
3
5
3
3
6
4
3
6
4
6
7
1
5
4
6
3
11
5
7
5
5
5
7
4
4
3
8
8
10
5
9
5
4
4
8
4
8
3
3
3
6
7
3
4
4
8
8
12
6
6
6
6
7
5
3
7
4
5
5
4
9
3
7
6
8
11
11
5
8
7
5
5
7
8
6
9
9
3
2
9
5
11
5
5
6
4
5
12
6
8
4
7
8
3
7
2
2
9
3
7
6
3
1
4
4
2
7
6
9
6
5
4
4
3
5
3
7
4
5
3
7
7
5
3
3
2
2
3
3
7
4
1
5
5
3
7
2
3
1
2
5
2
5
8
6
2
4
4
5
4
5
2
4
4
4
4
0
3
4
4
1
3
4
1
6
3
4
4
5
2
3
7
7
2
7
2
5
4
5
5
3
6
5
7
3
4
4
4
5
4
6
5
5
6
5
8
3
8
7
3
5
8
5
4
4
8
3
4
7
2
2
3
1
4
8
4
5
11
5
6
2
4
2
8
2
6
4
3
4
5
4
4
4
0
3
6
4
5
6
3
4
6
3
6
5
4
1
7
9
5
4
5
5
6
2
1
4
3
5
2
4
6
4
3
3
5
1
1
2
1
4
7
6
5
7
4
2
3
7
4
3
2
5
3
1
3
3
2
2
6
5
4
0
6
5
3
8
3
1
3
6
3
4
3
3
4
3
3
3
3
5
2
2
3
2
3
3
7
3
1
2
5
3
3
3
1
0
4
5
3
4
2
4
1
6
4
2
2
4
3
5
4
3
5
1
5
5
6
7
4
4
6
1
2
3
3
0
3
5
0
2
3
3
4
3
5
2
6
3
5
5
3
6
8
2
5
5
1
7
1
3
1
3
7
2
1
6
3
4
1
4
3
1
3
3
2
8
3
2
1
7
3
2
5
3
4
5
6
6
2
2
4
6
4
5
4
3
3
4
2
4
2
1
3
5
5
6
7
5
7
1
1
2
3
1
1
3
1
5
1
2
2
5
1
0
2
3
1
5
1
2
3
4
5
2
0
2
7
5
8
4
3
6
5
5
1
6
3
6
5
1
3
3
5
2
4
5
2
1
1
2
3
5
6
6
4
2
2
4
4
5
2
3
2
1
6
5
1
7
3
1
4
3
3
4
5
4
9
4
2
4
3
3
4
2
3
6
0
3
4
1
2
5
5
4
3
4
4
4
1
4
3
5
1
2
5
6
5
4
3
7
3
3
3
1
1
1
3
4
3
3
1
5
1
5
6
2
5
0
3
2
3
3
4
1
2
4
6
3
2
1
6
4
2
6
3
2
4
3
4
5
1
4
6
3
3
5
4
5
7
2
3
6
1
2
0
3
3
0
6
3
3
6
1
2
4
1
4
6
3
4
5
1
4
5
2
1
2
3
4
1
3
0
2
4
7
3
2
3
1
2
7
7
2
5
4
6
2
1
3
3
1
2
2
4
6
2
8
6
3
3
4
2
1
2
1
2
6
5
5
4
3
3
6
5
3
3
4
2
5
3
3
3
4
0
1
3
2
4
2
6
6
1
3
4
4
5
4
6
5
5
2
1
3
2
4
3
2
2
5
3
4
0
0
3
4
2
1
3
0
1
2
4
6
4
3
3
2
3
2
6
2
1
5
5
4
3
4
4
5
2
6
2
1
1
3
3
3
1
3
2
4
2
5
4
6
2
4
3
2
8
3
4
4
4
2
5
4
2
5
2
2
2
2
0
2
1
3
2
2
6
7
4
4
6
3
4
1
3
1
4
3
2
2
1
3
1
7
2
3
2
2
3
4
3
4
2
4
4
4
3
5
6
2
4
1
2
0
3
1
6
1
2
1
2
6
0
2
0
2
2
3
5
3
3
2
3
3
3
5
3
4
3
4
7
4
2
3
2
0
3
1
2
8
2
4
3
2
4
1
2
5
0
5
4
2
5
1
4
2
1
2
3
4
4
2
2
4
1
3
3
1
7
2
1
5
6
1
3
4
4
2
2
3
1
3
4
1
5
1
3
3
4
3
0
5
4
1
3
4
4
1
4
2
2
1
3
1
3
4
4
3
3
2
2
3
3
5
4
2
4
0
2
7
3
4
1
3
0
5
3
2
0
3
2
1
3
2
3
1
2
6
2
1
3
3
3
2
4
3
2
1
1
1
2
1
3
1
2
2
4
1
3
3
6
3
3
4
3
0
4
1
2
2
3
1
1
4
0
5
2
2
1
4
3
3
1
5
3
2
6
4
5
2
3
0
2
1
1
2
3
3
3
3
3
3
7
1
4
5
4
7
4
0
8
4
1
2
3
2
1
4
4
4
4
6
2
1
4
4
2
3
1
3
2
3
1
2
0
4
0
0
3
4
4
2
2
3
3
2
2
1
3
1
3
3
3
3
4
5
2
5
4
8
1
3
1
1
3
3
4
3
2
4
3
1
2
2
2
1
4
5
1
1
0
5
2
10
3
2
5
3
4
4
3
6
4
0
3
3
5
3
3
1
4
4
2
4
8
2
1
5
5
3
5
5
4
2
2
2
4
1
3
5
1
2
4
1
3
1
0
4
2
1
1
4
3
5
7
3
3
0
4
2
5
3
8
2
2
4
4
3
1
2
4
3
2
4
2
4
2
1
2
4
2
2
2
3
1
6
3
6
3
3
2
5
5
3
2
2
1
4
2
0
1
1
2
1
3
1
6
2
3
1
6
1
2
1
0
3
0
3
3
4
0
3
3
2
1
5
4
3
3
2
2
2
0
4
1
1
1
3
1
1
1
2
3
2
4
2
1
3
2
1
3
2
3
2
0
3
1
0
1
3
2
2
4
2
2
5
4
1
4
6
3
3
4
1
2
1
6
2
2
2
2
0
1
3
2
2
5
2
6
2
3
1
1
3
2
4
3
2
2
1
2
3
0
4
2
2
1
3
3
3
3
2
3
2
1
3
5
3
1
0
3
5
2
2
2
4
4
2
0
5
5
1
0
4
1
6
3
2
3
1
5
2
3
0
4
3
2
1
0
3
2
0
1
1
4
7
1
3
1
4
2
2
6
3
2
2
3
3
4
1
5
5
7
2
1
1
2
2
0
5
1
4
5
3
3
4
3
2
3
2
3
2
4
2
1
0
2
2
5
1
4
3
1
1
1
0
3
2
1
1
3
2
3
3
1
1
0
4
2
2
0
0
2
2
3
6
1
1
1
3
3
3
7
5
2
2
3
0
2
2
3
4
0
1
2
4
3
1
2
2
0
1
2
3
2
6
4
1
4
5
6
1
4
1
2
2
4
3
1
2
4
3
2
1
2
3
2
1
0
0
0
0
0
1
2
2
2
1
4
1
4
6
2
4
2
2
0
3
2
5
4
1
3
2
3
5
2
5
1
2
1
4
5
5
3
2
1
4
3
4
1
2
1
2
1
3
0
3
5
0
2
3
5
2
1
4
0
1
5
4
2
3
3
3
3
0
2
2
3
1
1
1
3
4
0
1
5
2
2
1
2
2
3
1
2
1
0
4
2
2
3
1
2
3
1
4
2
0
6
1
1
2
2
3
1
3
1
1
6
3
1
2
2
2
1
3
3
0
4
4
4
4
1
4
3
5
2
2
3
6
3
4
5
5
2
1
2
5
3
3
5
2
3
2
1
3
3
4
5
7
2
1
5
7
2
3
4
7
4
1
1
1
4
3
3
1
3
1
4
0
1
0
0
2
3
1
3
4
4
0
0
3
4
1
1
3
3
3
3
0
3
2
2
1
1
2
2
1
0
4
5
2
0
2
2
4
3
3
3
3
1
2
2
2
2
2
2
4
4
5
0
0
6
5
3
3
3
4
3
0
4
4
1
0
0
4
5
1
3
2
1
3
3
3
3
3
1
1
1
5
1
3
2
2
2
3
3
0
1
0
0
3
2
3
2
3
3
1
2
3
2
0
1
3
3
2
1
1
5
1
2
4
5
1
3
3
4
0
0
2
2
4
1
1
2
1
6
2
3
2
3
2
2
3
3
1
1
1
2
4
1
4
3
4
0
2
1
5
2
1
1
3
2
4
2
3
4
2
3
2
5
2
1
5
2
3
4
8
1
3
2
6
5
0
2
6
4
4
2
2
2
1
3
2
3
2
2
2
0
4
4
1
5
3
0
3
5
2
1
0
2
5
4
2
2
2
2
4
4
3
3
1
5
3
2
1
2
1
2
2
0
2
1
2
2
5
5
1
5
7
3
1
2
0
0
4
2
0
2
2
4
3
4
0
2
0
1
4
4
4
1
0
2
0
2
1
1
3
2
2
0
2
1
4
1
2
3
4
2
5
2
1
3
2
1
3
1
5
1
3
2
5
5
2
1
3
5
7
1
3
3
1
1
2
3
5
1
2
3
3
3
3
1
2
2
1
2
1
0
1
2
1
1
2
1
0
1
3
2
0
3
2
2
1
2
1
1
2
1
3
2
0
2
3
1
3
1
1
2
4
4
1
1
2
3
0
2
2
4
4
2
2
1
4
1
1
2
2
0
2
0
2
2
4
2
4
5
1
3
1
2
1
1
1
2
2
5
2
2
3
1
0
1
1
1
0
4
3
3
2
3
1
0
1
1
2
1
2
2
3
4
0
1
1
5
0
1
3
1
2
1
2
1
2
2
1
1
2
5
2
7
2
2
1
2
1
0
2
0
0
4
1
0
4
2
2
5
3
1
2
3
1
2
1
2
2
1
1
3
1
1
0
3
2
3
3
5
4
3
1
3
3
2
1
3
2
1
4
1
5
8
1
4
1
2
5
2
1
2
1
5
5
3
0
2
2
3
2
3
4
2
6
2
3
2
1
5
3
1
2
4
3
6
5
3
4
2
0
5
3
1
4
2
3
3
3
3
6
7
3
4
1
2
3
0
0
3
5
4
2
9
5
5
4
3
2
3
2
2
2
5
5
0
5
4
7
3
6
3
4
3
7
3
8
2
5
1
6
1
1
4
6
5
2
4
5
2
5
7
2
3
2
3
6
6
7
4
5
4
3
6
3
3
1
1
2
2
0
3
3
2
5
5
5
4
4
4
1
4
3
2
1
1
4
2
5
4
4
3
4
2
1
4
1
2
1
0
2
2
3
0
2
1
2
1
2
1
1
2
4
0
3
4
2
8
3
1
3
4
3
1
3
2
0
1
3
1
1
1
2
4
2
4
3
0
0
0
1
1
2
1
1
2
2
3
1
2
3
3
2
3
1
1
2
1
1
2
3
1
3
1
4
0
1
2
2
1
0
1
0
3
1
3
0
2
0
0
0
4
2
2
0
0
2
6
2
0
2
0
1
2
1
2
0
0
2
0
2
0
2
2
1
1
1
1
3
0
1
2
3
3
3
0
2
2
3
1
3
0
0
1
0
2
3
2
0
1
2
1
2
1
3
2
4
0
3
1
2
2
1
0
2
2
0
1
3
3
2
2
2
0
3
0
3
3
1
0
0
1
1
3
0
1
2
3
2
0
3
2
1
3
0
2
4
0
4
1
1
2
2
1
1
0
1
0
2
7
3
0
0
2
2
1
1
3
2
1
3
3
1
4
0
1
2
5
1
1
0
1
3
0
3
6
1
0
0
3
1
1
3
2
2
1
1
0
3
2
4
4
3
3
0
2
4
0
2
1
1
0
2
0
1
6
3
4
5
1
3
2
0
2
2
1
2
2
2
2
2
1
0
1
2
3
1
3
1
2
0
0
2
0
2
1
1
3
0
1
1
0
3
5
1
3
0
3
2
6
1
1
1
0
6
0
2
3
2
2
0
1
3
1
1
0
1
1
0
4
2
1
0
1
4
2
4
1
3
3
0
2
3
1
4
1
3
1
1
3
3
1
1
2
2
2
2
2
2
0
0
3
3
3
1
2
1
1
1
0
2
2
4
0
2
5
2
1
1
3
0
0
3
3
2
1
2
1
2
2
2
2
0
3
1
1
1
0
3
1
3
2
1
1
1
3
1
0
1
1
1
0
2
2
1
2
2
0
1
2
3
1
0
3
2
1
0
0
1
0
1
2
3
1
2
1
1
2
0
1
2
0
2
0
1
4
2
0
0
1
1
3
0
2
0
0
0
2
2
1
1
0
1
1
2
1
1
0
0
2
0
1
2
0
0
0
1
0
1
0
1
1
1
2
2
1
4
1
2
2
1
1
1
3
3
1
4
2
0
1
0
3
0
1
0
0
0
3
2
2
1
0
0
1
0
1
2
1
0
3
0
0
1
2
2
3
1
0
2
0
1
1
1
2
1
1
3
0
0
0
1
0
0
3
1
0
1
0
3
2
1
2
1
1
0
5
2
0
2
2
2
4
0
1
2
4
0
3
1
0
0
1
0
0
1
2
0
2
0
3
3
1
2
0
2
1
0
2
1
1
4
4
1
1
0
0
1
2
0
2
0
0
0
3
1
0
2
1
0
2
2
1
1
0
0
1
1
1
1
3
2
3
2
3
0
0
2
1
3
1
0
0
1
2
1
1
0
3
1
1
0
1
1
2
1
1
0
1
2
2
0
0
2
2
1
1
1
1
0
2
1
0
1
2
0
0
1
1
2
1
1
3
1
0
1
1
2
0
1
1
2
2
2
1
1
2
1
0
0
3
1
1
2
2
0
2
1
2
1
0
0
1
1
0
2
1
1
1
1
0
1
0
1
2
4
0
0
2
2
0
1
2
1
0
1
1
0
1
1
1
2
0
1
4
0
1
1
1
1
0
0
3
1
1
0
1
0
1
0
0
0
4
3
2
1
0
1
1
3
2
1
2
1
0
1
0
0
0
0
2
2
1
0
1
0
1
0
1
0
0
2
1
0
1
1
2
0
2
2
1
1
1
4
2
2
2
1
4
0
2
2
4
3
0
1
4
1
1
2
3
0
0
1
3
1
0
1
2
4
0
1
5
1
1
3
2
2
1
6
0
3
5
5
3
0
6
3
3
2
3
3
4
4
3
6
3
1
4
7
4
6
5
2
2
6
4
6
8
5
4
6
5
7
7
7
5
8
15
7
6
8
10
8
10
9
13
9
9
9
12
9
9
15
7
11
8
10
12
13
14
8
14
14
13
13
13
9
15
12
17
18
16
15
17
15
13
15
18
11
25
12
14
16
18
25
12
24
26
29
13
23
24
22
19
24
21
21
28
20
24
20
22
20
30
26
23
20
23
22
33
31
19
26
21
16
29
19
33
21
17
29
25
12
19
18
27
23
19
22
25
17
18
23
16
16
20
22
16
15
21
8
17
8
15
21
16
12
12
14
13
12
13
17
13
10
11
13
13
6
8
14
13
17
8
12
13
10
2
7
11
9
11
11
6
10
7
4
5
11
8
7
6
7
3
7
8
4
4
1
0
6
2
4
4
2
1
5
2
3
4
3
3
3
5
1
0
3
0
1
4
3
5
3
3
0
2
2
2
1
2
2
1
1
3
1
1
3
1
0
2
0
1
1
2
0
0
0
0
1
3
0
1
2
1
2
0
0
2
0
1
1
0
0
0
0
0
0
1
2
1
0
2
1
2
1
0
1
2
3
1
1
1
0
1
1
0
1
0
2
0
2
0
0
0
2
2
0
1
0
0
1
1
0
0
1
2
0
0
1
1
0
0
1
1
0
0
1
2
3
1
0
0
1
0
1
2
1
0
0
0
0
1
1
0
2
2
1
1
1
2
0
0
0
1
0
0
0
0
0
0
0
0
0
1
0
1
1
0
1
0
0
1
0
0
0
1
0
0
0
0
0
1
1
2
0
1
1
1
0
2
2
0
0
0
1
1
0
2
0
2
1
0
2
0
1
1
1
2
0
1
1
0
1
2
1
0
0
0
1
2
2
1
1
1
2
1
2
3
1
0
0
1
1
1
5
0
1
1
1
2
1
1
3
1
0
1
4
2
1
0
0
2
3
1
1
1
2
3
2
2
0
5
2
1
2
2
2
3
0
2
6
3
1
3
3
1
5
1
2
4
3
3
3
4
5
5
6
2
2
5
4
7
4
3
6
5
8
6
4
7
2
8
3
3
10
5
5
12
8
3
4
11
5
5
6
4
9
9
9
6
4
6
5
3
3
3
5
4
7
5
6
8
5
4
7
3
5
6
6
10
5
9
5
2
5
3
6
6
6
2
6
2
4
5
3
7
5
7
7
6
7
2
8
4
7
3
10
3
4
11
2
5
1
4
3
4
3
6
6
4
6
5
4
6
5
4
3
6
1
2
4
8
5
3
1
4
5
1
3
2
2
3
3
1
2
1
3
4
3
2
2
2
1
4
5
1
1
2
2
0
0
0
1
2
1
1
0
2
2
1
2
1
0
2
1
0
0
2
1
0
0
0
1
1
1
3
1
2
1
0
2
2
1
0
1
0
1
0
1
0
0
0
3
0
0
0
1
1
1
1
0
0
0
0
1
0
1
0
0
0
0
1
0
1
0
0
1
0
1
0
0
0
2
0
1
0
1
0
0
0
0
0
0
1
1
0
0
0
0
1
0
0
0
1
0
0
0
0
0
0
2
0
1
0
0
0
0
0
0
0
1
1
0
0
0
0
0
1
0
0
1
1
0
0
2
0
0
0
0
1
0
0
0
1
1
0
0
0
0
0
0
1
0
0
2
0
0
0
0
0
0
0
0
0
0
1
1
0
0
0
0
2
1
0
0
0
2
0
0
1
0
0
0
0
0
0
0
0
0
0
0
0
0
0
0
0
1
1
1
0
0
0
0
0
0
0
0
0
0
0
0
1
0
0
0
0
0
1
0
0
1
0
1
0
0
0
0
0
0
0
0
0
0
0
1
0
2
0
0
0
0
0
0
0
0
1
0
0
0
0
0
0
1
0
0
0
0
0
0
0
0
1
0
0
0
0
0
0
0
0
1
0
0
0
0
0
0
0
0
0
0
0
0
0
0
1
0
1
0
1
1
0
0
3
0
1
0
0
0
0
0
1
1
1
0
2
0
0
0
0
0
0
0
1
0
0
0
2
0
0
0
0
2
1
0
0
0
0
0
1
0
1
1
0
0
0
0
1
1
1
1
0
0
1
0
0
0
1
0
0
1
1
0
1
0
1
0
1
1
0
1
0
1
0
1
0
1
0
0
2
0
3
2
0
1
0
2
0
0
1
1
1
0
0
0
0
1
0
1
1
2
2
0
0
0
0
0
0
1
0
0
0
0
1
0
0
0
0
0
1
1
0
0
0
0
0
1
0
0
0
0
0
0
0
0
0
0
1
1
0
0
0
0
0
0
0
1
0
0
1
0
0
0
0
0
1
0
0
0
0
0
0
0
0
0
0
0
0
0
0
0
0
0
1
0
0
0
0
0
0
2
1
0
0
0
0
0
0
0
0
0
0
0
0
0
0
0
0
0
1
2
0
0
0
1
0
0
0
0
0
0
0
0
0
0
0
0
0
0
0
0
0
0
1
0
0
0
0
0
0
0
0
0
0
0
0
0
0
0
0
0
0
0
0
0
0
0
0
0
0
0
0
0
0
0
0
0
0
0
0
0
0
0
0
0
0
0
0
0
0
0
0
0
0
0
0
0
0
0
0
0
0
0
0
0
0
0
0
0
0
0
0
0
0
0
0
0
0
0
0
0
0
0
0
0
0
0
0
0
0
0
0
0
0
0
0
0
0
0
0
0
0
0
0
0
0
0
0
0
0
0
0
0
0
0
0
0
0
0
0
0
0
0
0
0
0
0
0
0
0
0
0
0
0
0
0
0
0
0
0
0
0
0
0
0
0
0
0
0
0
0
0
0
0
0
0
0
0
0
0
0
0
0
0
0
0
0
0
0
0
0
0
0
0
0
0
0
0
0
0
0
0
0
0
0
0
0
0
0
0
0
0
0
0
0
0
0
0
0
0
1
0
0
0
0
0
0
0
0
0
0
0
0
0
0
0
0
0
0
0
0
0
0
0
0
0
0
0
0
0
0
0
0
0
0
0
0
0
0
1
0
0
0
0
0
0
0
0
0
0
0
0
0
0
0
0
1
0
0
0
0
0
0
0
0
0
0
0
0
0
0
0
0
0
0
0
0
0
0
0
0
0
0
0
0
0
1
0
0
0
0
0
0
0
0
0
0
0
0
0
0
0
0
0
0
0
0
0
0
0
0
0
0
0
0
0
0
0
0
0
0
0
0
0
0
0
0
0
0
0
0
1
0
0
0
0
0
0
0
0
0
0
0
0
0
0
0
0
0
0
0
0
0
0
0
0
0
0
0
0
0
0
0
0
0
0
0
0
0
0
0
0
0
0
0
0
0
0
0
0
0
0
0
0
0
0
0
0
0
0
0
0
0
0
0
0
0
0
0
0
0
0
0
0
0
0
0
0
0
0
0
0
0
0
0
0
0
0
0
0
0
0
0
0
0
0
0
0
0
0
0
0
0
0
0
0
0
0
0
0
0
0
0
0
0
0
0
0
0
0
0
0
0
0
0
0
0
0
0
0
0
0
0
0
0
0
0
0
0
0
0
0
0
0
0
0
0
0
0
0
0
0
0
0
0
0
0
0
0
0
0
0
0
0
0
0
0
0
0
0
0
0
0
0
0
0
0
0
0
0
0
0
0
0
0
0
0
0
0
0
0
0
0
0
0
0
0
0
0
0
0
0
0
0
0
0
0
0
0
0
0
0
0
0
0
0
0
0
0
0
0
0
0
0
0
0
0
0
0
0
0
0
0
0
0
0
0
0
0
0
0
0
0
0
0
0
0
0
0
0
0
0
0
0
0
0
0
0
0
0
0
0
0
0
0
0
0
0
0
0
0
0
0
0
0
0
0
0
0
0
0
1
0
0
0
0
0
0
0
0
0
0
0
0
0
0
0
0
0
0
0
0
0
0
0
0
0
0
0
0
0
0
0
0
0
0
0
0
0
0
0
0
0
0
0
0
0
0
0
0
0
0
0
0
0
0
0
0
0
0
0
0
0
0
0
0
0
0
0
0
0
0
0
0
0
0
0
0
0
0
1
0
0
0
0
0
0
0
0
0
0
0
0
0
0
0
0
0
0
0
0
0
0
0
0
0
0
0
0
0
0
0
0
0
0
0
0
0
0
0
0
0
0
0
0
0
0
0
1
0
0
0
0
0
0
0
0
0
0
0
0
0
0
0
0
0
0
0
0
0
2
0
0
0
0
0
0
0
0
0
0
0
0
0
0
0
0
0
0
0
0
0
0
0
0
0
0
0
0
0
0
0
0
0
0
0
0
0
0
0
0
0
0
0
0
0
0
0
0
0
0
0
0
0
0
0
0
0
0
0
0
0
0
0
0
0
0
0
0
0
0
0
0
0
0
0
0
0
0
0
0
0
0
0
0
0
0
0
0
0
0
0
0
0
0
0
0
0
0
0
0
0
0
0
0
0
0
0
0
0
0
0
0
0
0
0
0
0
0
0
0
0
0
0
0
0
0
0
0
0
0
0
0
0
0
0
0
0
0
0
0
0
0
0
0
0
0
0
0
0
0
0
0
0
0
0
0
0
0
0
0
0
0
0
0
0
0
0
0
0
0
0
0
0
0
0
0
0
0
0
0
0
0
0
0
0
0
0
0
0
0
0
0
0
0
0
0
0
0
0
0
0
0
0
0
0
0
0
0
0
0
0
0
0
0
0
0
0
0
0
0
0
0
0
0
0
0
0
0
0
0
0
1
0
0
0
0
0
0
0
0
0
0
0
0
0
0
0
0
0
0
0
0
0
0
0
0
0
0
0
0
0
0
0
0
0
0
0
0
0
0
0
0
0
0
0
0
0
0
0
0
0
0
0
0
0
0
0
0
0
0
0
0
0
0
0
0
0
0
0
0
0
0
0
0
0
0
0
0
0
0
0
0
0
0
0
0
0
0
0
0
0
0
0
0
0
0
0
0
0
0
0
0
0
0
0
0
0
0
0
0
0
0
0
0
0
0
0
0
0
0
0
0
0
0
0
0
0
0
0
0
0
0
0
0
0
0
0
0
0
0
0
0
0
0
0
0
0
0
0
0
0
0
0
0
0
0
0
0
0
0
0
0
0
0
0
0
0
0
0
0
0
0
0
0
0
0
0
0
0
0
0
0
0
0
0
0
0
0
0
0
0
0
0
0
0
0
0
0
0
0
0
0
0
0
0
0
0
0
0
0
0
0
0
0
0
0
0
0
0
0
0
0
0
0
0
0
0
1
0
0
0
0
0
0
0
0
0
0
0
0
0
0
0
0
0
0
0
0
0
0
0
0
0
0
0
0
0
0
0
0
0
0
0
0
0
0
0
0
0
0
0
0
0
0
0
0
0
0
0
1
0
0
0
0
0
0
0
0
0
0
0
0
0
0
0
0
0
0
0
0
0
0
0
0
0
0
0
0
0
0
0
0
0
0
0
0
0
0
0
0
0
0
0
0
0
0
0
0
0
0
0
0
0
0
0
0
0
0
0
0
0
0
0
0
0
0
0
0
0
0
0
0
0
0
0
0
0
0
0
0
0
0
0
0
0
0
0
0
0
0
0
0
0
0
0
0
0
0
0
0
0
0
0
0
0
0
0
0
0
0
0
0
0
0
0
0
0
0
0
0
0
0
0
0
1
0
0
0
0
0
0
0
0
0
0
0
0
0
0
0
0
0
0
0
0
0
1
0
0
0
0
0
0
0
0
0
0
0
0
0
0
0
0
0
0
0
0
0
0
0
0
0
0
0
0
0
0
0
0
0
0
0
0
0
0
0
0
0
0
0
0
0
0
0
0
0
0
0
0
0
0
0
0
0
0
0
0
0
0
0
0
0
0
0
0
0
0
0
0
0
0
0
0
0
0
0
0
0
0
0
0
0
0
0
0
0
0
0
0
0
0
0
0
0
0
0
0
0
0
0
0
0
0
0
0
0
0
0
0
0
0
0
0
0
0
0
0
0
0
0
0
0
0
0
0
0
0
0
0
0
0
0
0
0
0
0
0
1
0
0
0
0
0
0
0
0
0
0
0
0
0
0
0
0
0
0
0
0
0
0
0
0
0
0
0
0
0
0
0
0
0
0
0
0
0
0
0
0
0
0
0
0
0
0
0
0
0
0
0
0
0
0
0
0
0
0
0
0
0
0
0
0
0
1
0
0
0
0
0
0
0
0
0
0
0
0
0
0
0
0
0
0
0
0
0
0
0
0
0
0
0
0
0
0
0
0
0
0
0
0
0
0
0
0
0
0
0
0
0
0
0
0
0
1
0
0
0
0
0
0
0
0
0
0
0
0
0
0
0
0
0
0
0
0
0
0
0
0
0
0
0
0
0
0
0
0
1
0
0
0
0
0
0
0
0
0
0
0
0
1
0
0
0
0
0
0
0
0
0
0
0
0
0
0
0
0
0
0
0
0
0
0
0
0
0
0
0
0
0
0
0
0
0
0
0
0
0
0
0
0
0
0
0
0
0
0
0
0
0
0
0
0
0
0
0
1
0
0
0
0
0
0
0
0
0
0
0
0
0
0
0
0
0
0
0
0
0
0
0
0
0
0
0
0
0
0
0
1
0
0
0
0
0
0
0
0
0
0
0
0
0
0
0
0
1
0
0
0
0
0
0
0
0
0
0
0
0
0
0
0
0
0
0
0
0
0
0
0
0
0
0
0
0
0
0
0
0
0
0
0
0
0
0
0
0
0
0
0
0
0
0
0
0
0
0
0
0
0
0
0
0
0
0
0
0
0
0
0
0
0
0
0
0
0
1
0
0
0
0
0
0
0
0
0
0
0
0
0
0
0
0
0
0
0
0
0
0
0
0
0
0
0
0
0
0
0
0
0
0
0
0
0
0
0
0
0
0
0
0
0
0
0
0
0
0
0
0
0
0
0
0
0
0
0
0
0
0
0
0
0
0
0
0
0
0
0
0
0
0
0
0
0
0
0
0
0
0
0
0
0
0
0
0
0
0
0
0
0
0
0
0
0
0
0
0
0
0
0
0
0
0
0
0
0
0
0
0
0
0
0
0
0
0
0
0
0
1
0
0
0
0
0
0
0
0
0
0
0
0
0
0
0
0
0
0
0
0
0
0
0
0
0
0
0
0
0
0
0
0
0
0
0
0
0
0
0
0
0
0
0
1
0
0
0
0
0
0
0
0
0
0
0
0
0
0
0
0
0
0
0
0
0
0
0
0
0
0
0
0
0
0
0
0
0
0
0
0
0
0
0
0
0
0
0
0
0
0
0
0
0
0
0
0
0
0
0
0
0
0
0
0
0
0
0
0
0
0
0
0
0
0
0
0
0
0
0
0
0
0
0
0
0
0
0
0
0
0
0
0
0
0
0
0
0
0
0
0
0
0
0
0
0
0
0
0
0
0
0
0
0
0
0
0
0
0
0
0
0
0
0
0
0
0
0
0
0
0
0
0
0
0
0
0
0
0
0
0
0
0
0
0
0
0
0
0
0
0
0
0
0
0
0
0
0
0
0
0
0
0
0
0
0
0
0
0
0
0
0
0
0
0
0
0
0
0
0
0
0
0
0
0
0
0
1
0
0
0
0
0
0
0
0
0
0
0
0
0
0
0
0
0
0
0
0
0
0
0
0
0
0
0
0
0
0
0
0
0
0
0
0
0
0
0
0
0
0
0
0
0
0
0
0
0
0
0
0
0
0
0
0
0
0
0
0
0
0
0
0
0
0
0
0
0
0
0
0
0
0
0
0
0
0
0
0
0
0
0
0
0
0
0
0
0
0
0
0
0
0
0
0
0
0
0
0
0
0
0
0
0
0
0
0
0
0
0
0
0
0
0
0
0
0
0
0
0
0
0
0
0
0
0
0
0
0
0
0
0
0
0
0
0
0
0
0
0
0
0
0
0
0
0
0
0
0
0
0
0
0
0
0
0
0
0
0
0
0
0
0
0
0
0
0
0
0
0
0
0
0
0
0
0
0
0
0
0
0
0
0
0
0
0
0
0
0
0
0
0
0
0
0
0
0
0
0
0
0
0
0
0
0
0
0
0
0
0
0
0
0
0
0
0
0
0
0
0
0
0
0
0
0
0
0
0
0
0
0
0
0
0
0
0
0
0
0
0
0
0
0
0
0
0
0
0
0
0
0
0
0
0
0
0
0
0
0
0
0
0
0
0
0
0
0
0
0
0
0
0
0
0
0
0
0
0
0
0
0
0
0
0
0
0
0
0
0
0
0
0
0
0
0
0
0
0
0
0
0
0
0
0
0
0
0
0
0
0
0
0
0
0
0
0
0
0
0
0
0
0
0
0
0
0
0
0
0
0
0
0
0
0
0
0
0
0
0
0
0
0
0
0
0
0
0
0
0
0
0
0
0
0
0
0
0
0
0
0
0
0
0
0
0
0
0
0
0
0
0
0
0
0
0
0
0
0
0
0
0
0
0
0
0
0
0
0
0
0
0
0
0
0
0
0
0
0
0
0
0
0
0
0
0
0
0
0
0
0
0
0
0
0
0
0
0
0
0
0
0
0
0
0
0
0
0
0
0
0
0
0
0
0
0
0
0
0
0
0
0
0
0
0
0
0
0
0
0
0
0
0
0
0
0
0
0
0
0
0
0
0
0
0
0
0
0
0
0
0
0
1
0
0
0
0
1
0
0
0
0
0
0
0
0
0
0
0
0
0
0
0
0
0
0
0
0
0
0
0
0
0
0
0
0
0
0
0
0
0
0
0
0
0
0
0
0
0
0
1
0
0
0
0
0
0
0
0
0
0
0
0
0
0
0
0
0
0
0
0
0
0
0
0
0
0
0
0
0
0
0
0
0
0
0
0
0
0
0
0
0
0
0
0
0
0
0
0
0
0
0
0
0
0
0
0
0
0
0
0
0
0
0
0
0
0
0
0
0
0
0
0
0
0
0
0
0
0
0
0
0
0
0
0
0
0
0
0
0
0
0
0
0
0
0
0
0
0
0
0
0
0
0
0
0
0
0
0
0
0
0
1
0
0
0
0
0
0
0
0
0
0
0
0
0
0
0
0
0
0
0
0
0
0
0
0
0
0
0
0
0
0
0
0
0
0
0
0
0
0
0
0
0
0
0
0
0
0
0
0
0
0
0
0
0
0
0
0
0
0
0
0
0
0
0
0
0
0
0
0
0
0
0
0
0
0
0
0
0
0
0
0
0
0
0
0
0
0
0
0
0
0
0
0
0
0
0
0
0
0
0
0
0
0
0
0
0
0
0
0
0
0
0
0
0
0
0
0
0
0
0
0
0
0
0
0
0
0
0
0
1
0
0
0
0
0
0
0
0
0
0
0
0
0
0
0
0
0
0
0
0
0
0
0
0
0
0
0
0
0
0
0
0
0
0
0
0
0
0
0
0
0
0
0
0
0
0
0
0
0
0
0
0
0
0
0
0
0
0
0
0
0
0
0
0
0
0
0
0
0
0
0
0
0
0
0
0
0
0
0
0
0
0
0
0
0
0
0
0
0
0
0
0
0
0
0
0
0
0
0
0
0
0
0
0
0
0
0
0
0
0
0
0
0
0
0
0
0
0
0
0
0
0
0
0
0
0
0
0
0
0
0
0
0
0
0
0
0
0
0
0
0
0
0
0
0
0
0
0
0
0
0
0
0
0
0
0
0
0
0
0
0
0
1
0
0
0
0
0
0
0
0
0
0
0
0
0
0
0
0
0
0
0
0
0
0
0
0
0
0
0
0
0
0
0
0
0
0
0
0
0
0
0
0
0
0
0
0
0
0
0
0
0
0
0
0
0
0
0
0
0
0
0
0
0
0
0
0
0
0
0
0
1
0
0
0
0
0
0
0
0
0
0
0
0
0
0
0
0
0
0
0
0
0
0
0
0
0
0
0
0
0
0
0
0
0
0
0
0
0
0
0
0
0
0
0
0
0
0
0
0
0
0
0
0
0
0
0
0
0
0
0
0
0
0
0
0
0
0
0
0
0
0
0
0
0
0
0
0
0
0
0
0
0
0
0
0
0
0
0
0
0
0
0
0
0
0
0
0
0
0
0
0
0
0
0
0
0
0
0
0
0
0
0
0
0
0
0
0
0
0
0
0
0
0
0
0
0
0
0
0
0
0
0
0
0
0
0
0
0
0
0
0
0
0
0
0
0
0
0
0
0
0
0
0
0
0
0
0
0
0
0
0
0
0
0
0
0
0
0
0
0
0
0
0
0
0
0
0
0
0
0
0
0
0
0
0
0
0
0
0
0
0
0
0
0
0
0
0
0
0
0
0
0
0
0
0
0
0
0
0
0
0
0
0
0
0
0
0
0
0
0
0
0
0
0
0
0
0
0
0
0
0
0
0
0
0
0
0
0
0
0
0
0
0
0
0
0
0
0
0
0
0
0
0
0
0
0
0
0
0
0
0
0
0
0
0
0
0
0
0
0
0
0
0
0
0
0
0
0
0
0
0
0
0
0
0
0
0
0
0
0
0
0
0
0
0
0
0
0
0
0
0
0
0
0
0
0
0
0
0
0
0
0
0
0
0
0
0
0
0
0
0
0
0
0
0
0
0
0
0
0
0
0
0
0
0
0
0
0
0
0
0
0
0
0
0
0
0
0
0
0
0
0
0
0
0
0
0
0
0
0
0
0
0
0
0
0
0
0
0
0
0
0
0
0
0
0
0
0
0
0
0
0
0
0
0
0
0
0
0
0
0
0
0
0
0
0
0
0
0
0
0
0
0
0
0
0
0
0
0
0
0
0
0
0
0
0
0
0
0
0
0
0
0
0
0
0
0
0
0
0
0
0
0
0
0
0
0
0
0
0
0
0
0
0
0
0
0
0
0
0
0
0
0
0
0
0
0
0
0
0
0
0
0
0
0
0
0
0
0
0
0
0
0
0
0
0
0
0
0
0
0
0
0
0
0
0
0
0
0
0
0
0
0
0
0
0
0
0
0
0
0
0
0
0
0
0
0
0
0
0
0
0
0
0
0
0
0
0
0
0
0
0
0
0
0
0
0
0
0
0
0
0
0
0
0
0
0
0
0
0
0
0
0
0
0
0
0
0
0
0
0
0
0
0
0
0
0
0
0
0
0
0
0
0
0
0
0
0
0
0
0
0
0
0
0
0
0
0
0
0
0
0
0
0
0
0
0
0
0
0
0
0
0
0
0
0
0
0
0
0
0
0
0
0
0
0
0
0
0
0
0
0
0
0
0
0
0
0
0
0
0
0
0
0
0
0
0
0
0
0
0
0
0
0
0
0
0
0
0
0
0
0
0
0
0
0
0
0
0
0
0
0
0
0
0
0
0
0
0
0
0
0
0
0
0
0
0
0
0
0
0
0
0
0
0
0
0
0
0
0
0
0
0
0
0
0
0
0
0
0
0
0
0
0
0
0
0
0
0
0
0
0
0
0
0
0
0
0
0
0
0
0
0
0
0
0
0
0
0
0
0
0
0
0
0
0
0
0
0
0
0
0
0
0
0
0
0
0
0
0
0
0
0
0
0
0
0
0
0
0
0
0
0
0
0
0
0
0
0
0
0
0
0
0
0
0
0
0
0
0
0
0
0
0
0
0
0
0
0
0
0
0
0
0
0
0
0
0
0
0
0
0
0
0
0
0
0
0
0
0
0
0
0
0
0
0
0
0
0
0
0
0
0
0
0
0
0
0
0
0
0
0
0
0
0
0
0
0
0
0
0
0
0
0
0
0
0
0
0
0
0
0
0
0
0
0
0
0
0
0
0
0
0
0
0
0
0
0
0
0
0
0
0
0
0
0
0
0
0
0
0
0
0
0
0
0
0
0
0
0
0
0
0
0
0
0
0
0
0
0
0
0
0
0
0
0
0
0
0
0
0
0
0
0
0
0
0
0
0
0
0
0
0
0
0
0
0
0
0
0
0
0
0
0
0
0
0
0
0
0
0
0
0
0
0
0
0
0
0
0
0
0
0
0
0
0
0
0
0
0
0
0
0
0
0
0
0
0
0
0
0
0
0
0
0
0
0
0
0
0
0
0
0
0
0
0
0
0
0
0
0
0
0
0
0
0
0
0
0
0
0
0
0
0
0
0
0
0
0
0
0
0
0
0
0
0
0
0
0
0
0
0
0
0
0
0
0
0
0
0
0
0
0
0
0
0
0
0
0
0
0
0
0
0
0
0
0
0
0
0
0
0
0
0
0
0
0
0
0
0
0
0
0
0
0
0
0
0
0
0
0
0
0
0
0
0
0
0
0
0
0
0
0
0
0
0
0
0
0
0
0
0
0
0
0
0
0
0
0
0
0
0
0
0
0
0
0
0
0
0
0
0
0
0
0
0
0
0
0
0
0
0
0
0
0
0
0
0
0
0
0
0
0
0
0
0
0
0
0
0
0
0
0
0
0
0
0
0
0
0
0
0
0
0
0
0
0
0
0
0
0
0
0
0
0
0
0
0
0
0
0
0
0
0
0
0
0
0
0
0
0
0
0
0
0
0
0
0
0
0
0
0
0
0
0
0
0
0
0
0
0
0
0
0
0
0
0
0
0
0
0
0
0
0
0
0
0
0
0
0
0
0
0
0
0
0
0
0
0
0
0
0
0
0
0
0
0
0
0
0
0
0
0
0
0
0
0
0
0
0
0
0
0
0
0
0
0
0
0
0
0
0
0
0
0
0
0
0
0
0
0
0
0
0
0
0
0
0
0
0
0
0
0
0
0
0
0
0
0
0
0
0
0
0
0
0
0
0
0
0
0
0
0
0
0
0
0
0
0
0
0
0
0
0
0
0
0
0
0
0
0
0
0
0
0
0
0
0
0
0
0
0
0
0
0
0
0
0
0
0
0
0
0
0
0
0
0
0
0
0
0
0
0
0
0
0
0
0
0
0
0
0
0
0
0
0
0
0
0
0
0
0
0
0
0
0
0
0
0
0
0
0
0
0
0
0
0
0
0
0
0
0
0
0
0
0
0
0
0
0
0
0
0
0
0
0
0
0
0
0
0
0
0
0
0
0
0
0
0
0
0
0
0
0
0
0
0
0
0
0
0
0
0
0
0
0
0
0
0
0
0
0
0
0
0
0
0
0
0
0
0
0
0
0
0
0
0
0
0
0
0
0
0
0
0
0
0
0
0
0
0
0
0
0
0
0
0
0
0
0
0
0
0
0
0
0
0
0
0
0
0
0
0
0
0
0
0
0
0
0
0
0
0
0
0
0
0
0
0
0
0
0
0
0
0
0
0
0
0
0
0
0
0
0
0
0
0
0
0
0
0
0
0
0
0
0
0
0
0
0
0
0
0
0
0
0
0
0
0
0
0
0
0
0
0
0
0
0
0
0
0
0
0
0
0
0
0
0
0
0
0
0
0
0
0
0
0
0
0
0
0
0
0
0
0
0
0
0
0
0
0
0
0
0
0
0
0
0
0
0
0
0
0
0
0
0
0
0
0
0
0
0
0
0
0
0
0
0
0
0
0
0
0
0
0
0
0
0
0
0
0
0
0
0
0
0
0
0
0
0
0
0
0
0
0
0
0
0
0
0
0
0
0
0
0
0
0
0
0
0
0
0
0
0
0
0
0
0
0
0
0
0
0
0
0
0
0
0
0
0
0
0
0
0
0
0
0
0
0
0
0
0
0
0
0
0
0
0
0
0
0
0
0
0
0
0
0
0
0
0
0
0
0
0
0
0
0
0
0
0
0
0
0
0
0
0
0
0
0
0
0
0
0
0
0
0
0
0
0
0
0
0
0
0
0
0
0
0
0
1
0
0
0
0
0
0
0
0
0
0
0
0
0
0
0
0
0
0
0
0
0
0
0
0
0
0
0
0
0
0
0
0
0
0
0
0
0
0
0
0
0
0
0
0
0
0
0
0
0
0
0
0
0
0
0
0
0
0
0
0
0
0
0
0
0
0
0
0
0
0
0
0
0
0
0
0
0
0
0
0
0
0
0
0
0
0
0
0
0
0
0
0
0
0
0
0
0
0
0
0
0
0
0
0
0
0
0
0
0
0
0
0
0
0
0
0
0
0
0
0
0
0
0
0
0
0
0
0
0
0
0
0
0
0
0
0
0
0
0
0
0
0
0
0
0
0
0
0
0
0
0
0
0
0
0
0
0
0
0
0
0
0
0
0
0
0
0
0
0
0
0
0
0
0
0
0
0
0
0
0
0
0
0
0
0
0
0
0
0
0
0
0
0
0
0
0
0
0
0
0
0
0
0
0
0
0
0
0
0
0
0
0
0
0
0
0
0
0
0
0
0
0
0
0
0
0
0
0
0
0
0
0
0
0
0
0
0
0
0
0
0
0
0
0
0
0
0
0
0
0
0
0
0
0
0
0
0
0
0
0
0
0
0
0
0
0
0
0
0
0
0
0
0
0
0
0
0
0
0
0
0
0
0
0
0
0
0
0
0
0
0
0
0
0
0
0
0
0
0
0
0
0
0
0
0
0
0
0
0
0
0
0
0
0
0
0
0
0
0
0
0
0
0
0
0
0
0
0
0
0
0
0
0
0
0
0
0
0
0
0
0
0
0
0
0
0
0
0
0
0
0
0
0
0
0
0
0
0
0
0
0
0
0
0
0
0
0
0
0
0
0
0
0
0
0
0
0
0
0
0
0
0
0
0
0
0
0
0
0
0
0
0
0
0
0
0
0
0
0
0
0
0
0
0
0
0
0
0
0
0
0
0
0
0
0
0
0
0
0
0
0
0
0
0
0
0
0
0
0
0
0
0
0
0
0
0
0
0
0
0
0
0
0
0
0
0
0
0
0
0
0
0
0
0
0
0
0
0
0
0
0
0
0
0
0
0
0
0
0
0
0
0
0
0
0
0
0
0
0
0
0
0
0
0
0
0
0
0
0
0
0
0
0
0
0
0
0
0
0
0
0
0
0
0
0
0
0
0
0
0
0
0
0
0
0
0
0
0
0
0
0
0
0
0
0
0
0
0
0
0
0
0
0
0
0
0
0
0
0
0
0
0
0
0
0
0
0
0
0
0
0
0
0
0
0
0
0
0
0
0
0
0
0
0
0
0
0
0
0
0
0
0
0
0
0
0
0
0
0
0
0
0
0
0
0
0
0
0
0
0
0
0
0
0
0
0
0
0
0
0
0
0
0
0
0
0
0
0
0
0
0
0
0
0
0
0
0
0
0
0
0
0
0
0
0
0
0
0
0
0
0
0
0
0
0
0
0
0
0
0
0
0
0
0
0
0
0
0
0
0
0
0
0
0
0
0
0
0
0
0
0
0
0
0
0
0
0
0
0
0
0
0
0
0
0
0
0
0
0
0
0
0
0
0
0
0
0
0
0
0
0
0
0
0
0
0
0
0
0
0
0
0
0
0
0
0
0
0
0
0
0
0
0
0
0
0
0
0
0
0
0
0
0
0
0
0
0
0
0
0
0
0
0
0
0
0
0
0
0
0
0
0
0
0
0
0
0
0
0
0
0
0
0
0
0
0
0
0
0
0
0
0
0
0
0
0
0
0
0
0
0
0
0
0
0
0
0
0
0
0
0
0
0
0
0
0
0
0
0
0
0
0
0
0
0
0
0
0
0
0
0
0
0
0
0
0
0
0
0
0
0
0
0
0
0
0
0
0
0
0
0
0
0
0
0
0
0
0
0
0
0
0
0
0
0
0
0
0
0
0
0
0
0
0
0
0
0
0
0
0
0
0
0
0
0
0
0
0
0
0
0
0
0
0
0
0
0
0
0
0
0
0
0
0
0
0
0
0
0
0
0
0
0
0
0
0
0
0
0
0
0
0
0
0
0
0
0
0
0
0
0
0
0
0
0
0
0
0
0
0
0
0
0
0
0
0
0
0
0
0
0
0
0
0
0
0
0
0
0
0
0
0
0
0
0
0
0
0
0
0
0
0
0
0
0
0
0
0
0
0
0
0
0
0
0
0
0
0
0
0
0
0
0
0
0
0
0
0
0
0
0
0
0
0
0
0
0
0
0
0
0
0
0
0
0
0
0
0
0
0
0
0
0
0
0
0
0
0
0
0
0
0
0
0
0
0
0
0
0
0
0
0
0
0
0
0
0
0
0
0
0
0
0
0
0
0
0
0
0
0
0
0
0
0
0
0
0
0
0
0
0
0
0
0
0
0
0
0
0
0
0
0
0
0
0
0
0
0
0
0
0
0
0
0
0
0
0
0
0
0
0
0
0
0
0
0
0
0
0
0
0
0
0
0
0
0
0
0
0
0
0
0
0
0
0
0
0
0
0
0
0
0
0
0
0
0
0
0
0
0
0
0
0
0
0
0
0
0
0
0
0
0
0
0
0
0
0
0
0
0
0
0
0
0
0
0
0
0
0
0
0
0
0
0
0
0
0
0
0
0
0
0
0
0
0
0
0
0
0
0
0
0
0
0
0
0
0
0
0
0
0
0
0
0
0
0
0
0
0
0
0
0
0
0
0
0
0
0
0
0
0
0
0
0
0
0
0
0
0
0
0
0
0
0
0
0
0
0
0
0
0
0
0
0
0
0
0
0
0
0
0
0
0
0
0
0
0
0
0
0
0
0
0
0
0
0
0
0
0
0
0
0
0
0
0
0
0
0
0
0
0
0
0
0
0
0
0
0
0
0
0
0
0
0
0
0
0
0
0
0
0
0
0
0
0
0
0
0
0
0
0
0
0
0
0
0
0
0
0
0
0
0
0
0
0
0
0
0
0
0
0
0
0
0
0
0
0
0
0
0
0
0
0
0
0
0
0
0
0
0
0
0
0
0
0
0
0
0
0
0
0
0
0
0
0
0
0
0
0
0
0
0
0
0
0
0
0
0
0
0
0
0
0
0
0
0
0
0
0
0
0
0
0
0
0
0
0
0
0
0
0
0
0
0
0
0
0
0
0
0
0
0
0
0
0
0
0
0
0
0
0
0
0
0
0
0
0
0
0
0
0
0
0
0
0
0
0
0
0
0
0
0
0
0
0
0
0
0
0
0
0
0
0
0
0
0
0
0
0
0
0
0
0
0
0
0
0
0
0
0
0
0
0
0
0
0
0
0
0
0
0
0
0
0
0
0
0
0
0
0
0
0
0
0
0
0
0
0
0
0
0
0
0
0
0
0
0
0
0
0
0
0
0
0
0
0
0
0
0
0
0
0
0
0
0
0
0
0
0
0
0
0
0
0
0
0
0
0
0
0
0
0
0
0
0
0
0
0
0
0
0
0
0
0
0
0
0
0
0
0
0
0
0
0
0
0
0
0
0
0
0
0
0
0
0
0
0
0
0
0
0
0
0
0
0
0
0
0
0
0
0
0
0
0
0
0
0
0
0
0
0
0
0
0
0
0
0
0
0
0
0
0
0
0
0
0
0
0
0
0
0
0
0
0
0
0
0
0
0
0
0
0
0
0
0
0
0
0
0
0
0
0
0
0
0
0
0
0
0
0
0
0
0
0
0
0
0
0
0
0
0
0
0
0
0
0
0
0
0
0
0
0
0
0
0
0
0
0
0
0
0
0
0
0
0
0
0
0
0
0
0
0
0
0
0
0
0
0
0
0
0
0
0
0
0
0
0
0
0
0
0
0
0
0
0
0
0
0
0
0
0
0
0
0
0
0
0
0
0
0
0
0
0
0
0
0
0
0
0
0
0
0
0
0
0
0
0
0
0
0
0
0
0
0
0
0
0
0
0
0
0
0
0
0
0
0
0
0
0
0
0
0
0
0
0
0
0
0
0
0
0
0
0
0
0
0
0
0
0
0
0
0
0
0
0
0
0
0
0
0
0
0
0
0
0
0
0
0
0
0
0
0
0
0
0
0
0
0
0
0
0
0
0
0
0
0
0
0
0
0
0
0
0
0
0
0
0
0
0
0
0
0
0
0
0
0
0
0
0
0
0
0
0
0
0
0
0
0
0
0
0
0
0
0
0
0
0
0
0
0
0
0
0
0
0
0
0
0
0
0
0
0
0
0
0
0
0
0
0
0
0
0
0
0
0
0
0
0
0
0
0
0
0
0
0
0
0
0
0
0
0
0
0
0
0
0
0
0
0
0
0
0
0
0
0
0
0
0
0
0
0
0
0
0
0
0
0
0
0
0
0
0
0
0
0
0
0
0
0
0
0
0
0
0
0
0
0
0
0
0
0
0
0
0
0
0
0
0
0
0
0
0
0
0
0
0
0
0
0
0
0
0
0
0
0
0
0
0
0
0
0
0
0
0
0
0
0
0
0
0
0
0
0
0
0
0
0
0
0
0
0
0
0
0
0
0
0
0
0
0
0
0
0
0
0
0
0
0
0
0
0
0
0
0
0
0
0
0
0
0
0
0
0
0
0
0
0
0
0
0
0
0
0
0
0
0
0
0
0
0
0
0
0
0
0
0
0
0
0
0
0
0
0
0
0
0
0
0
0
0
0
0
0
0
0
0
0
0
0
0
0
0
0
0
0
0
0
0
0
0
0
0
0
0
0
0
0
0
0
0
0
0
0
0
0
0
0
0
0
0
0
0
0
0
0
0
0
0
0
0
0
0
0
0
0
0
0
0
0
0
0
0
0
0
0
0
0
0
0
0
0
0
0
0
0
0
0
0
0
0
0
0
0
0
0
0
0
0
0
0
0
0
0
0
0
0
0
0
0
0
0
0
0
0
0
0
0
0
0
0
0
0
0
0
0
0
0
0
0
0
0
0
0
0
0
0
0
0
0
0
0
0
0
0
0
0
0
0
0
0
0
0
0
0
0
0
0
0
0
0
0
0
0
0
0
0
0
0
0
0
0
0
0
0
0
0
0
0
0
0
0
0
0
0
0
0
0
0
0
0
0
0
0
0
0
0
0
0
0
0
0
0
0
0
0
0
0
0
0
0
0
0
0
0
0
0
0
0
0
0
0
0
0
0
0
0
0
0
0
0
0
0
0
0
0
0
0
0
0
0
0
0
0
0
0
0
0
0
0
0
0
0
0
0
0
0
0
0
0
0
0
0
0
0
0
0
0
0
0
0
0
0
0
0
0
0
0
0
0
0
0
0
0
0
0
0
0
0
0
0
0
0
0
0
0
0
0
0
0
0
0
0
0
0
0
0
0
0
0
0
0
0
0
0
0
0
0
0
0
0
0
0
0
0
0
0
0
0
0
0
0
0
0
0
0
0
0
0
0
0
0
0
0
0
0
0
0
0
0
0
0
0
0
0
0
0
0
0
0
0
0
0
0
0
0
0
0
0
0
0
0
0
0
0
0
0
0
0
0
0
0
0
0
0
0
0
0
0
0
0
0
0
0
0
0
0
0
0
0
0
0
0
0
0
0
0
0
0
0
0
0
0
0
0
0
0
0
0
0
0
0
0
0
0
0
0
0
0
0
0
0
0
0
0
0
0
0
0
0
0
0
0
0
0
0
0
0
0
0
0
0
0
0
0
0
0
0
0
0
0
0
0
0
0
0
0
0
0
0
0
0
0
0
0
0
0
0
0
0
0
0
0
0
0
0
0
0
0
0
0
0
0
0
0
0
0
0
0
0
0
0
0
0
0
0
0
0
0
0
0
0
0
0
0
0
0
0
0
0
0
0
0
0
0
0
0
0
0
0
0
0
0
0
0
0
0
0
0
0
0
0
0
0
0
0
0
0
0
0
0
0
0
0
0
0
0
0
0
0
0
0
0
0
0
0
0
0
0
0
0
0
0
0
0
0
0
0
0
0
0
0
0
0
0
0
0
0
0
0
0
0
0
0
0
0
0
0
0
0
0
0
0
0
0
0
0
0
0
0
0
0
0
0
0
0
0
0
0
0
0
0
0
0
0
0
0
0
0
0
0
0
0
0
0
0
0
0
0
0
0
0
0
0
0
0
0
0
0
0
0
0
0
0
0
0
0
0
0
0
0
0
0
0
0
0
0
0
0
0
0
0
0
0
0
0
0
0
0
0
0
0
0
0
0
0
0
0
0
0
0
0
0
0
0
0
0
0
0
0
0
0
0
0
0
0
0
0
0
0
0
0
0
0
0
0
0
0
0
0
0
0
0
0
0
0
0
0
0
0
0
0
0
0
0
0
0
0
0
0
0
0
0
0
0
0
0
0
0
0
0
0
0
0
0
0
0
0
0
0
0
0
