810
816
809
816
818
806
804
824
839
808
817
800
830
826
804
805
813
804
837
835
817
824
826
804
808
814
808
834
4095
815
821
811
817
800
828
825
822
814
800
815
815
827
X= 100
Y= 100.09
813
812
819
816
828
808
831
817
822
818
X= 100
Y= 100.2
835
838
809
834
823
832
807
841
813
814
818
X= 100
Y= 100.31
807
810
824
838
803
817
826
812
829
806
806
X= 100
Y= 100.42
840
817
806
811
809
827
802
797
805
819
821
X= 100
Y= 100.53
807
847
815
830
807
814
833
853
829
816
X= 100
Y= 100.64
833
836
803
835
825
820
798
832
824
825
815
X= 100
Y= 100.75
841
827
815
825
816
817
822
819
808
813
824
X= 100
Y= 100.86
821
827
815
815
819
821
820
806
825
835
836
X= 100
Y= 100.97
826
828
797
838
835
795
844
794
816
807
808
X= 100
Y= 101.08
794
823
814
834
834
837
820
838
823
820
X= 100
Y= 101.19
835
823
807
821
811
823
824
812
848
820
833
X= 100
Y= 101.3
805
835
805
790
822
839
809
4095
807
820
823
825
X= 100
Y= 101.41
823
822
4095
823
782
820
805
826
820
817
818
809
X= 100
Y= 101.52
814
827
829
817
820
807
822
4095
816
815
831
X= 100
Y= 101.63
822
834
828
4095
809
821
825
808
828
831
836
844
X= 100
Y= 101.74
794
811
826
834
811
829
808
802
800
807
814
X= 100
Y= 101.85
824
802
835
806
810
806
4095
809
825
823
834
827
X= 100
Y= 101.96
798
817
818
824
804
824
805
824
831
811
815
X= 100
Y= 102.07
826
4095
810
847
828
797
804
817
792
833
829
X= 100
Y= 102.18
819
807
836
834
821
813
824
820
818
823
802
X= 100
Y= 102.29
809
800
797
803
816
813
805
828
821
806
816
X= 100
Y= 102.4
802
4095
803
809
825
823
822
827
820
828
801
838
X= 100
Y= 102.51
844
822
816
818
806
827
811
818
806
835
X= 100
Y= 102.62
819
812
819
818
833
805
819
822
814
820
4095
819
X= 100
Y= 102.73
825
826
830
827
827
829
824
837
817
798
818
X= 100
Y= 102.84
828
819
819
818
826
840
818
831
846
798
831
X= 100
Y= 102.95
810
825
830
806
807
802
838
813
809
821
813
X= 100
Y= 103.06
821
833
828
827
799
836
802
816
823
805
X= 100
Y= 103.17
841
816
810
804
797
816
849
830
823
828
826
X= 100
Y= 103.28
807
837
834
817
795
817
824
809
805
832
827
X= 100
Y= 103.39
831
811
822
825
824
815
811
811
833
827
841
X= 100
Y= 103.5
817
816
802
817
815
813
815
794
819
824
X= 100
Y= 103.61
809
818
813
785
842
801
804
824
824
826
800
X= 100
Y= 103.72
814
824
821
828
822
825
825
850
816
817
838
X= 100
Y= 103.83
811
815
831
804
811
833
809
803
830
832
827
X= 100
Y= 103.94
833
827
4095
812
833
834
821
805
826
829
831
818
X= 100
Y= 104.05
813
823
812
821
4095
819
810
844
825
817
849
X= 100
Y= 104.16
816
821
820
825
820
791
808
806
801
820
803
X= 100
Y= 104.27
797
825
829
838
816
852
818
797
826
784
814
X= 100
Y= 104.38
794
810
825
818
845
815
820
835
810
814
837
X= 100
Y= 104.49
826
818
846
803
818
827
826
807
824
816
X= 100
Y= 104.6
829
801
789
824
822
811
820
838
828
802
818
X= 100
Y= 104.71
823
838
4095
827
815
789
827
4095
823
4095
846
843
805
816
X= 100
Y= 104.82
829
824
805
817
829
836
827
825
817
815
817
X= 100
Y= 104.93
811
819
830
818
843
802
807
836
795
836
810
825
816
834
806
827
820
821
847
831
805
X= 100.5
Y= 104.9
805
829
815
827
824
826
824
783
830
806
828
X= 100.5
Y= 104.79
816
809
824
800
813
800
822
815
807
795
816
X= 100.5
Y= 104.68
807
818
825
830
799
829
826
830
820
819
821
X= 100.5
Y= 104.57
816
826
817
826
802
813
807
859
822
840
X= 100.5
Y= 104.46
811
808
822
796
824
839
813
801
821
791
829
X= 100.5
Y= 104.35
812
809
818
830
830
820
807
811
4095
805
807
811
X= 100.5
Y= 104.24
815
835
821
808
821
822
821
819
810
811
823
X= 100.5
Y= 104.13
804
819
813
824
832
798
817
805
832
807
X= 100.5
Y= 104.02
812
809
835
796
827
818
812
816
4095
804
844
807
X= 100.5
Y= 103.91
820
825
799
822
823
844
834
816
797
835
833
X= 100.5
Y= 103.8
822
816
805
813
821
807
800
827
824
822
817
X= 100.5
Y= 103.69
802
836
827
814
825
818
816
802
813
809
830
X= 100.5
Y= 103.58
829
817
817
828
808
823
829
826
811
831
820
X= 100.5
Y= 103.47
820
795
837
826
820
817
825
816
805
823
X= 100.5
Y= 103.36
811
817
824
794
820
804
841
803
843
826
826
X= 100.5
Y= 103.25
808
810
832
811
816
802
816
817
824
832
783
X= 100.5
Y= 103.14
816
822
821
799
805
814
842
832
813
803
848
X= 100.5
Y= 103.03
821
794
822
811
831
846
839
830
799
822
X= 100.5
Y= 102.92
813
830
850
819
832
835
816
826
821
817
832
X= 100.5
Y= 102.81
808
4095
830
805
818
819
810
838
811
831
803
833
X= 100.5
Y= 102.7
816
813
839
802
812
820
780
821
828
812
800
X= 100.5
Y= 102.59
809
798
820
818
803
815
823
833
837
798
X= 100.5
Y= 102.48
818
796
797
805
814
838
835
833
807
835
829
X= 100.5
Y= 102.37
826
799
820
824
839
812
842
815
805
813
815
X= 100.5
Y= 102.26
797
817
792
805
834
822
827
807
800
826
811
X= 100.5
Y= 102.15
811
825
805
808
838
843
812
828
825
854
804
X= 100.5
Y= 102.04
825
828
827
827
829
822
829
827
803
830
X= 100.5
Y= 101.93
842
832
812
830
805
812
847
805
814
840
842
X= 100.5
Y= 101.82
824
823
808
801
809
819
827
795
806
809
809
X= 100.5
Y= 101.71
824
827
848
846
831
808
829
823
807
811
820
X= 100.5
Y= 101.6
815
793
806
832
807
804
819
799
835
823
X= 100.5
Y= 101.49
4095
822
830
815
797
823
814
814
823
815
812
800
X= 100.5
Y= 101.38
819
844
793
813
817
801
806
803
817
817
811
X= 100.5
Y= 101.27
797
814
827
809
822
808
820
827
806
798
836
X= 100.5
Y= 101.16
818
830
828
808
812
807
815
820
819
827
819
X= 100.5
Y= 101.05
829
814
806
820
796
821
817
839
828
792
X= 100.5
Y= 100.94
835
797
835
814
821
837
830
817
811
826
840
X= 100.5
Y= 100.83
828
836
811
827
824
816
814
816
832
827
808
X= 100.5
Y= 100.72
830
782
836
825
819
820
823
843
821
803
818
X= 100.5
Y= 100.61
824
818
831
822
828
828
830
823
835
826
X= 100.5
Y= 100.5
802
837
819
787
807
829
822
815
821
838
819
X= 100.5
Y= 100.39
828
821
817
827
822
810
828
829
843
809
812
X= 100.5
Y= 100.28
814
839
815
4095
819
823
796
811
847
834
825
805
X= 100.5
Y= 100.17
809
825
832
819
814
803
832
807
823
828
827
X= 100.5
Y= 100.06
827
831
832
811
807
819
816
817
812
821
X= 101
Y= 99.95
831
837
837
819
826
809
813
820
809
822
809
X= 101
Y= 100.11
810
791
831
837
817
808
805
824
807
811
814
X= 101
Y= 100.22
832
4095
799
838
829
816
841
826
803
827
799
820
X= 101
Y= 100.33
818
828
815
829
808
829
812
816
826
833
X= 101
Y= 100.44
818
815
821
813
805
814
829
831
828
824
834
X= 101
Y= 100.55
799
837
784
813
808
807
828
811
808
810
836
X= 101
Y= 100.66
811
841
797
824
833
833
808
822
812
818
828
X= 101
Y= 100.77
812
821
804
814
813
800
821
809
819
816
806
X= 101
Y= 100.88
809
819
818
816
835
820
789
809
817
794
X= 101
Y= 100.99
821
856
821
816
805
827
812
804
822
819
820
X= 101
Y= 101.1
828
844
811
808
812
800
826
814
826
803
821
X= 101
Y= 101.21
814
820
807
814
823
812
814
830
797
818
831
X= 101
Y= 101.32
823
835
816
4095
810
816
815
808
825
825
4095
817
X= 101
Y= 101.43
808
806
830
836
812
810
832
819
816
822
829
X= 101
Y= 101.54
802
822
837
809
826
816
836
802
821
825
833
X= 101
Y= 101.65
832
819
833
835
827
815
813
820
817
808
836
X= 101
Y= 101.76
812
824
825
810
827
821
820
813
828
818
821
X= 101
Y= 101.87
823
827
813
817
803
846
805
828
822
823
X= 101
Y= 101.98
810
816
825
820
807
820
827
802
819
818
811
X= 101
Y= 102.09
798
811
818
851
816
810
832
807
821
802
824
X= 101
Y= 102.2
793
823
825
799
816
813
819
809
813
801
812
X= 101
Y= 102.31
820
818
821
823
824
827
812
820
816
804
819
X= 101
Y= 102.42
835
841
804
812
826
798
826
802
815
800
X= 101
Y= 102.53
814
814
809
818
810
813
829
821
825
807
837
X= 101
Y= 102.64
808
4095
830
816
823
819
823
807
806
816
808
847
X= 101
Y= 102.75
800
794
816
835
809
817
837
832
835
823
808
X= 101
Y= 102.86
804
831
810
830
838
803
822
809
815
819
X= 101
Y= 102.97
840
827
827
820
4095
813
815
802
836
813
826
830
X= 101
Y= 103.08
839
836
799
808
800
794
831
811
810
815
846
X= 101
Y= 103.19
810
804
814
812
839
819
798
813
809
841
810
X= 101
Y= 103.3
811
812
797
816
811
802
824
826
847
830
X= 101
Y= 103.41
818
811
816
827
840
840
809
814
822
820
824
X= 101
Y= 103.52
805
798
830
826
833
805
830
796
822
822
806
X= 101
Y= 103.63
822
824
812
811
810
833
809
823
801
817
820
X= 101
Y= 103.74
832
829
831
835
840
796
825
813
841
815
825
X= 101
Y= 103.85
791
816
795
822
817
840
807
821
783
834
X= 101
Y= 103.96
807
830
819
838
804
794
800
846
813
840
803
X= 101
Y= 104.07
832
4095
848
823
818
805
812
815
822
820
810
801
X= 101
Y= 104.18
791
838
821
792
815
809
832
818
825
828
838
X= 101
Y= 104.29
818
800
805
802
812
826
815
837
826
833
796
X= 101
Y= 104.4
818
821
811
813
4095
831
832
831
818
820
817
X= 101
Y= 104.51
817
809
828
819
803
827
821
821
822
824
831
X= 101
Y= 104.62
826
828
828
829
835
813
813
814
800
826
816
X= 101
Y= 104.73
840
805
841
804
806
814
824
834
815
840
818
X= 101
Y= 104.84
817
796
810
813
817
803
798
808
842
800
X= 101
Y= 104.95
834
812
820
826
800
791
786
811
813
814
818
827
831
824
802
797
828
821
810
821
818
824
833
815
825
829
818
801
831
824
832
815
825
821
810
834
810
812
819
809
809
832
830
814
803
825
815
836
791
816
802
821
818
820
816
811
819
833
810
808
852
836
829
819
834
818
783
811
817
824
826
815
836
825
824
821
827
794
829
813
816
808
828
830
806
839
814
833
820
807
810
842
805
817
816
814
801
804
793
818
835
819
825
801
823
828
840
826
827
812
810
820
817
831
818
822
804
803
802
824
